2 1 2 2 0 0 0 0 0 0 1 0 1 0 0 0 0 0 2 2 0 1 2 2 0 1 0 2 1 0 68 NA 
2 0 0 0 0 0 0 0 0 0 1 0 2 0 0 0 2 2 0 0 0 0 2 2 0 0 1 NA 0 0 74 NA 
2 1 2 2 0 0 0 0 0 0 1 0 NA 0 0 1 1 1 1 1 1 1 1 1 1 0 2 1 0 1 NA NA 
2 2 2 1 2 2 2 2 0 0 1 NA 1 1 0 0 NA 1 1 NA 1 NA 1 1 1 2 1 2 0 0 NA NA 
2 1 2 2 1 2 0 0 0 1 1 1 1 1 1 0 1 1 1 1 0 0 1 1 1 0 2 1 1 1 61 NA 
2 2 2 2 0 0 0 0 0 0 1 0 1 0 0 0 2 1 1 0 2 1 1 2 0 0 2 1 0 0 70 NA 
2 1 0 0 1 0 0 0 0 0 2 0 0 0 0 0 2 0 0 0 2 0 2 2 1 1 2 2 2 1 NA NA 
2 1 0 0 0 0 0 0 1 NA 2 1 0 0 1 1 2 2 0 0 2 2 1 2 1 1 2 2 0 0 68 NA 
2 NA 0 0 2 NA 0 0 2 1 1 1 0 0 0 0 2 2 0 0 0 2 1 1 0 1 1 2 0 0 74 NA 
0 1 0 0 1 0 1 1 1 0 1 0 0 0 0 0 0 0 0 0 0 0 0 1 2 1 2 2 1 1 80 NA 
2 2 0 0 0 0 0 0 0 0 2 0 0 0 0 NA 2 2 0 0 1 0 0 0 1 2 0 2 0 0 71 NA 
2 1 0 0 0 0 0 0 1 1 2 2 1 0 2 2 1 0 0 0 2 1 2 2 0 2 2 2 0 1 77 NA 
2 2 0 0 0 0 0 0 0 0 2 2 0 0 2 1 NA NA 0 0 0 1 1 1 1 2 NA 2 0 0 77 NA 
0 0 0 0 0 0 0 0 0 0 2 1 0 0 0 1 1 0 NA NA 0 1 NA NA 1 2 2 2 0 1 89 NA 
2 0 1 0 1 0 0 0 2 2 0 0 0 0 0 0 2 2 0 0 0 0 2 2 1 1 2 2 0 0 NA NA 
2 2 0 0 0 0 2 2 NA NA 1 NA 1 1 NA NA 2 2 2 0 0 0 1 2 2 2 1 2 0 0 NA 1 
2 1 0 0 0 0 NA NA 0 0 2 0 0 0 0 0 1 1 0 0 0 0 2 0 NA 0 2 0 0 0 66 NA 
2 2 0 0 1 1 0 0 2 1 2 0 0 0 1 0 2 2 0 0 2 2 0 0 1 2 2 2 1 1 76 NA 
1 1 0 0 2 1 1 1 2 2 1 0 0 0 0 0 1 2 0 0 2 2 1 2 1 2 2 2 2 2 78 NA 
2 2 1 0 NA 0 0 0 0 0 2 2 2 0 0 0 2 2 2 2 2 2 1 2 0 1 1 2 0 0 82 NA 
1 0 0 0 0 0 0 0 0 0 0 0 0 0 0 0 1 2 0 0 0 1 2 2 0 2 0 2 0 0 NA NA 
2 2 1 0 1 NA 2 NA 0 NA 1 NA NA NA 2 NA 1 2 NA 0 0 1 1 2 1 2 2 2 2 NA NA NA 
2 1 2 2 0 0 0 0 0 0 0 0 2 1 0 0 2 2 2 1 0 0 2 0 0 1 2 2 0 0 NA NA 
2 2 1 NA 0 0 0 0 0 0 1 0 2 NA 0 0 2 2 1 NA 0 0 1 2 1 2 1 2 0 0 NA NA 
2 2 2 2 0 0 0 0 0 0 0 0 2 2 0 1 2 2 1 1 0 0 1 2 0 0 1 2 0 0 NA NA 
2 2 2 2 0 0 0 0 0 0 0 0 1 1 0 0 1 2 1 1 1 1 1 2 0 0 1 1 0 0 62 NA 
2 2 0 0 1 1 0 0 2 2 1 1 0 0 1 2 0 1 0 0 1 1 1 2 2 2 2 2 0 2 66 NA 
2 2 1 1 0 0 2 2 0 0 1 1 1 1 0 0 0 0 0 0 1 1 1 2 2 2 1 2 0 1 68 NA 
1 2 0 0 1 0 0 0 0 0 1 2 0 0 0 0 0 1 0 0 0 0 2 2 2 2 2 2 0 1 70 NA 
2 2 0 0 1 1 0 0 1 1 2 2 0 0 0 0 0 0 0 0 1 1 1 2 1 2 1 2 NA NA 73 NA 
2 0 0 0 0 0 0 0 0 0 2 2 0 0 2 2 0 0 0 0 2 1 2 2 0 0 2 2 1 2 75 NA 
2 2 0 0 2 2 1 1 0 0 1 1 0 0 1 2 0 0 0 0 2 2 1 2 1 2 2 2 1 2 76 NA 
2 NA NA NA NA NA NA 1 NA NA NA NA NA NA NA NA NA NA NA NA NA NA 2 NA 1 NA 1 NA NA NA 79 NA 
2 2 0 0 NA 0 0 0 2 2 0 NA 0 0 1 1 0 0 0 0 1 1 1 1 2 2 2 2 0 0 80 NA 
2 2 2 2 0 0 0 0 0 0 0 0 2 2 0 0 2 2 2 2 0 0 1 2 0 0 1 2 0 0 80 NA 
2 2 NA NA 0 0 2 1 0 0 1 1 2 2 0 0 0 0 0 0 0 0 0 1 0 1 1 2 0 0 80 NA 
2 2 1 1 0 0 1 1 NA NA 0 0 2 2 1 2 0 0 NA NA 1 1 1 2 0 0 1 2 0 0 84 NA 
1 1 1 1 0 0 1 0 0 0 0 0 1 1 0 0 1 1 1 1 0 1 1 1 0 1 1 1 0 1 94 NA 
2 2 0 0 0 0 0 1 2 1 2 0 0 1 2 2 0 0 0 0 2 1 2 2 0 0 2 2 0 2 56 NA 
1 0 0 0 0 0 1 0 0 0 1 0 2 1 0 2 2 1 1 0 0 0 2 1 0 1 2 2 0 1 64 NA 
2 2 0 0 NA NA NA 0 0 0 2 2 0 NA NA NA 2 2 0 0 0 2 0 1 2 2 2 NA NA NA 64 NA 
1 2 0 0 1 0 0 0 0 0 2 0 0 0 0 1 0 0 0 0 0 2 1 2 2 2 2 2 0 2 65 NA 
2 2 2 2 0 1 0 0 0 0 1 0 2 2 0 1 2 1 1 2 0 0 1 2 0 1 1 1 1 2 69 NA 
2 2 2 2 0 0 0 0 0 1 2 0 1 0 0 2 2 2 0 0 0 0 2 2 0 0 2 2 0 0 69 NA 
2 2 0 0 0 0 0 0 2 2 2 2 0 0 1 2 0 0 0 0 0 1 1 2 2 2 0 2 1 1 70 NA 
2 1 2 2 0 0 2 0 0 1 0 0 2 1 0 0 2 2 1 0 0 1 2 2 0 0 1 1 1 0 72 NA 
2 2 0 0 0 0 1 0 1 1 2 2 2 1 1 2 0 1 0 0 1 2 1 2 1 2 2 2 0 2 74 NA 
2 2 0 0 1 1 0 0 0 0 NA 0 0 0 1 2 2 2 0 0 NA 2 1 1 1 2 2 2 1 2 77 NA 
2 2 2 2 0 0 0 0 0 0 2 0 2 2 0 2 1 1 1 1 2 2 2 1 0 1 2 1 1 2 77 NA 
2 2 1 1 1 0 1 1 0 0 0 0 2 2 0 0 2 2 1 1 0 1 2 2 0 0 1 1 0 1 77 NA 
2 2 2 0 0 0 2 2 0 0 0 0 2 2 1 0 1 2 0 0 0 0 1 2 0 1 2 2 0 1 78 1 
2 2 1 1 0 0 0 0 0 0 1 0 2 1 1 2 1 2 1 0 1 1 2 1 1 2 1 1 1 2 78 NA 
2 2 0 0 1 0 0 0 0 1 1 1 0 0 0 1 2 1 0 0 0 0 2 2 0 1 2 1 0 1 78 NA 
0 0 0 0 0 0 2 1 0 0 0 0 2 2 1 2 2 2 2 0 0 1 2 2 0 0 0 1 0 0 82 1 
2 2 2 2 2 2 0 0 0 0 0 0 1 1 0 0 2 2 1 0 1 0 1 2 0 0 1 2 1 2 84 NA 
1 1 2 2 0 0 0 0 0 0 0 0 2 2 0 0 1 1 2 2 0 1 2 2 1 2 1 1 0 1 84 NA 
1 0 1 NA 0 0 NA 0 0 0 0 0 2 0 0 1 1 2 0 0 0 1 1 1 2 2 2 2 1 1 58 NA 
2 1 0 0 0 1 0 0 1 2 2 1 0 0 1 1 1 1 0 0 1 0 2 2 2 2 2 2 1 1 64 NA 
2 2 0 0 0 0 0 0 1 0 1 0 0 0 0 1 2 2 0 0 0 0 1 2 1 1 1 2 0 1 69 NA 
0 0 0 0 0 0 0 0 2 2 0 0 0 0 2 2 0 0 0 0 0 0 2 2 2 2 2 2 2 2 72 NA 
0 0 1 1 1 0 0 0 0 0 0 0 0 0 0 0 1 1 0 0 2 2 1 1 1 2 2 2 1 2 73 NA 
2 1 1 1 0 0 0 1 0 0 0 0 2 1 0 1 1 2 0 0 0 1 1 1 1 1 1 2 0 1 74 NA 
2 2 1 1 0 0 1 1 0 1 1 1 1 1 0 0 0 1 0 0 0 0 1 1 1 1 1 1 0 0 74 NA 
2 1 0 0 1 0 0 0 0 0 2 0 0 0 0 0 1 2 0 0 1 0 1 2 0 1 0 0 0 0 74 NA 
1 0 2 1 0 0 1 1 0 0 0 0 1 1 0 0 1 1 2 0 1 1 2 2 1 1 2 2 0 1 75 1 
NA 2 0 0 0 0 0 0 0 0 0 0 0 0 0 0 0 0 0 0 0 0 1 1 2 2 1 2 0 2 79 NA 
0 0 0 0 0 0 0 0 0 0 0 NA 1 0 0 0 1 2 0 0 NA 1 2 2 2 2 2 2 0 1 NA NA 
0 0 2 2 0 0 0 0 0 0 1 NA NA 1 0 NA 2 2 2 1 NA 0 2 1 0 0 2 2 0 0 NA NA 
2 2 0 0 0 0 0 0 1 1 2 2 0 0 1 1 0 0 0 0 1 0 1 2 0 2 0 0 0 2 75 NA 
2 1 0 0 0 0 0 0 2 1 1 1 0 0 0 1 2 2 0 0 0 2 2 1 2 2 1 2 0 2 77 NA 
2 1 0 0 0 0 0 0 0 0 2 0 0 0 2 0 0 1 0 0 2 2 0 0 0 2 2 2 1 2 84 NA 
2 2 0 0 0 0 2 0 0 0 1 0 1 1 0 1 1 2 1 0 0 0 2 1 0 0 1 2 0 0 NA NA 
0 0 1 1 0 0 1 0 0 0 0 0 1 1 0 0 2 2 0 0 0 0 1 2 0 1 2 2 0 0 48 NA 
1 2 0 0 0 0 1 0 0 0 0 0 0 0 0 2 1 1 0 0 1 2 1 1 1 2 1 2 0 1 56 NA 
1 1 2 2 0 0 0 0 0 0 0 0 2 2 0 1 1 2 2 2 NA 2 1 2 NA 2 0 2 NA 2 62 NA 
2 1 0 0 1 1 1 0 0 0 0 0 0 0 0 1 1 2 0 0 0 1 2 2 1 2 2 2 0 0 65 NA 
0 0 2 1 0 0 1 1 0 0 1 1 2 1 0 1 NA 1 1 0 0 0 1 2 0 1 1 2 0 0 69 1 
2 1 0 0 1 0 0 0 1 0 1 0 0 0 1 1 1 0 0 0 0 0 2 0 1 0 1 0 1 NA 70 NA 
1 0 0 0 1 0 0 0 0 0 0 0 0 0 NA 1 0 1 0 0 0 1 1 2 0 0 2 1 0 2 72 NA 
2 2 0 NA 0 0 0 0 1 1 0 0 0 0 0 0 1 2 0 0 1 2 2 2 1 1 2 2 0 2 74 NA 
2 1 2 2 NA 0 0 0 0 0 0 0 1 1 0 1 0 1 1 0 0 NA 1 1 0 1 NA 1 0 0 76 NA 
1 1 2 2 0 0 1 1 0 0 0 0 1 1 0 0 0 1 1 0 0 0 0 1 0 0 0 1 0 0 76 NA 
2 2 0 1 1 0 0 0 0 0 0 0 0 0 1 NA 1 0 0 0 0 0 1 NA 2 2 0 NA 0 1 78 NA 
0 0 0 0 0 0 0 0 0 0 0 0 2 2 0 1 1 2 0 0 0 1 2 2 1 2 0 2 1 1 78 NA 
0 0 1 0 0 0 0 0 0 0 0 0 2 0 0 0 0 1 0 0 0 1 0 2 0 2 0 2 0 1 79 NA 
2 2 0 0 2 0 0 0 2 2 2 2 0 0 0 1 0 0 0 0 0 0 0 1 1 2 1 1 2 2 59 NA 
1 0 0 0 2 0 0 1 1 0 0 0 0 0 2 2 1 1 0 0 2 1 2 2 1 1 2 2 0 0 NA NA 
1 0 0 0 1 0 0 0 1 1 1 NA 0 0 0 1 1 2 0 0 NA 1 2 1 0 1 1 2 0 2 NA 1 
2 2 1 0 2 2 1 1 1 1 2 2 0 1 0 0 1 0 0 0 1 0 2 2 0 1 1 2 0 0 68 1 
2 1 1 1 0 0 1 1 0 2 0 1 2 2 0 0 0 0 0 0 1 0 1 1 0 1 1 2 0 1 78 1 
2 2 2 2 0 0 0 0 0 1 0 2 0 2 0 2 1 0 1 1 0 0 2 2 0 1 2 2 0 0 63 1 
2 1 2 NA 0 0 0 0 0 0 2 2 2 2 0 2 2 0 1 1 1 2 1 2 1 2 1 2 0 2 63 1 
2 1 1 1 0 0 0 0 NA NA 0 0 1 1 0 2 2 2 0 0 2 2 1 2 0 1 2 2 0 2 64 1 
2 2 1 0 0 0 0 NA 0 NA 2 2 0 0 0 0 0 0 0 0 0 0 1 1 2 2 1 2 1 0 67 1 
2 2 2 2 0 0 1 1 0 0 2 2 2 1 0 0 0 0 0 0 0 0 2 1 1 2 1 2 2 2 58 1 
0 0 2 2 0 0 0 0 0 0 1 0 2 0 0 0 2 2 2 2 0 0 2 2 0 0 2 2 0 2 63 1 
2 2 0 1 0 0 2 2 0 0 0 2 2 2 2 0 2 1 0 0 2 0 2 2 1 2 2 2 0 0 67 1 
2 2 0 0 0 0 1 NA 0 1 1 NA 2 1 2 2 1 0 0 0 0 0 1 2 1 2 1 2 0 0 74 1 
2 2 2 2 0 0 0 0 0 0 1 0 2 2 0 1 1 2 1 2 0 0 1 2 0 0 1 1 0 0 77 1 
2 2 1 NA NA 2 2 0 0 NA 1 0 2 0 0 0 1 0 1 1 0 0 2 0 0 0 1 0 0 0 88 1 
1 1 2 2 1 1 0 0 0 0 0 0 2 0 0 1 2 2 1 1 0 1 1 2 0 2 1 2 1 1 69 1 
1 2 1 1 0 0 1 0 0 1 0 0 1 1 0 1 1 0 0 0 0 1 1 1 2 2 1 2 1 2 74 1 
2 2 0 0 0 0 1 1 0 0 1 1 2 2 0 0 2 1 0 0 0 0 1 1 0 0 2 2 0 2 75 1 
2 2 2 2 0 0 1 2 0 0 0 0 2 2 2 2 2 1 2 1 0 1 2 2 0 0 2 2 0 0 76 1 
1 0 1 1 0 0 0 0 0 1 0 0 2 0 0 0 1 0 1 0 1 1 1 1 0 1 1 0 0 1 78 1 
2 2 1 2 0 0 0 1 0 0 2 0 1 1 2 2 2 2 2 1 0 1 2 1 0 0 1 0 0 0 79 1 
2 1 0 0 0 0 1 1 0 0 1 0 1 0 0 1 1 2 0 0 0 0 1 2 2 2 1 2 0 1 57 1 
2 2 0 0 1 0 2 1 0 0 1 0 0 0 0 0 1 0 0 0 1 1 2 2 2 2 2 2 1 1 68 1 
2 2 1 1 0 0 0 0 0 0 0 0 2 1 0 1 1 1 0 0 2 1 2 2 2 2 1 2 0 2 69 1 
2 2 1 2 0 0 1 2 0 0 0 0 2 2 0 0 0 1 0 0 0 0 0 1 0 0 1 1 0 1 72 1 
2 2 1 0 0 0 0 0 0 0 0 0 1 0 0 0 0 0 1 0 0 1 1 1 1 2 0 2 0 1 74 1 
2 2 0 0 0 0 1 1 0 0 0 0 1 1 0 0 1 1 0 0 1 2 1 2 0 2 1 2 0 1 74 1 
2 2 0 0 0 0 2 2 0 1 1 1 2 2 0 0 0 0 0 0 0 1 1 1 2 2 2 2 0 1 74 1 
2 1 2 2 0 0 0 0 0 0 0 0 2 1 0 0 0 0 0 0 0 0 1 2 0 0 0 1 0 0 75 1 
1 0 0 0 0 0 2 1 0 0 0 0 2 1 0 0 0 0 1 0 1 0 2 0 0 0 1 1 0 0 76 1 
2 1 2 1 NA NA 1 2 0 1 0 0 2 1 0 1 1 2 2 2 0 1 2 2 1 2 1 2 0 0 77 1 
2 2 1 1 0 0 1 1 1 0 1 1 2 1 0 0 2 2 1 1 0 0 1 1 0 1 2 2 0 0 78 1 
2 2 1 0 1 0 1 0 1 0 1 1 2 0 1 1 0 1 1 0 1 0 1 1 0 1 1 1 0 0 79 1 
1 1 0 1 0 0 1 0 0 0 0 0 0 1 0 0 2 2 0 1 0 1 2 2 0 0 1 2 0 0 66 1 
2 2 0 0 0 0 1 0 0 0 2 1 0 0 2 0 1 1 0 0 1 0 2 2 1 2 0 2 0 1 74 1 
0 2 2 2 0 0 0 0 0 0 0 0 2 1 0 1 0 1 0 0 0 0 1 1 0 0 2 2 0 2 62 1 
0 0 2 2 0 0 1 0 0 0 0 0 1 0 0 0 1 2 0 0 0 0 2 2 0 1 0 1 0 0 65 1 
2 2 2 1 2 1 0 2 1 0 0 1 1 1 1 1 0 0 0 0 2 1 2 1 0 1 2 2 0 2 66 1 
2 1 2 0 0 0 0 0 0 0 1 1 0 0 0 0 2 2 0 0 0 0 2 1 0 1 2 2 0 1 68 1 
2 1 2 1 0 0 2 2 0 0 0 0 0 1 0 0 0 1 1 1 0 0 0 1 1 0 1 1 0 0 70 1 
1 0 1 0 0 0 1 0 0 0 0 0 0 0 0 1 1 1 1 1 0 0 1 1 0 NA 0 2 0 0 80 1 
2 2 2 2 0 1 0 0 0 1 0 0 2 2 0 0 2 2 0 0 1 1 1 2 1 2 2 2 0 0 65 1 
2 2 2 2 0 0 0 2 0 2 0 2 2 2 0 2 1 0 1 0 0 2 1 2 0 2 2 2 0 2 68 1 
2 2 0 0 0 0 2 2 0 0 0 0 1 NA NA 2 2 2 0 0 2 2 2 2 2 2 2 2 NA 2 79 1 
2 1 1 1 0 0 0 0 0 0 2 1 2 1 0 1 2 2 0 0 0 0 1 1 0 2 2 2 0 0 84 1 
2 2 0 0 2 2 0 0 2 2 1 2 0 0 0 2 1 1 0 0 1 2 1 2 0 2 0 1 0 1 NA 2 
2 2 2 2 2 NA 1 1 0 1 1 2 2 1 0 1 1 1 1 1 1 1 0 1 0 0 2 1 1 1 NA 2 
2 1 0 0 0 0 0 0 0 0 2 1 0 0 NA NA 2 2 0 0 0 0 1 2 2 2 2 2 1 1 NA 2 
1 2 2 1 0 0 0 1 0 0 1 1 NA 2 0 0 NA 2 0 0 NA 1 2 2 0 0 2 2 2 2 NA 2 
2 2 1 1 0 0 0 1 0 0 1 2 1 1 0 0 0 0 0 0 2 2 1 1 1 2 1 2 0 0 60 2 
2 2 0 0 1 1 1 1 1 1 1 1 0 0 1 2 1 2 0 0 1 1 2 2 1 1 1 2 0 0 78 2 
2 2 2 2 0 0 NA NA 2 2 2 1 2 2 0 0 1 2 0 0 0 0 1 1 0 0 1 2 0 1 82 2 
2 2 1 0 1 1 0 0 2 2 2 1 0 0 0 2 2 2 0 0 1 1 2 1 1 2 2 2 1 1 NA NA 
1 0 0 0 0 0 1 0 0 0 0 0 1 0 0 0 0 0 0 0 0 1 2 1 1 2 1 2 0 2 58 2 
1 0 2 2 0 0 0 0 0 0 0 0 2 2 0 2 1 2 2 2 0 0 2 2 0 2 2 2 0 2 63 2 
2 2 0 0 0 0 0 0 1 2 2 2 0 0 1 0 0 0 0 0 0 1 1 2 1 2 2 2 1 0 67 2 
2 2 0 0 0 0 2 1 0 0 0 0 0 0 0 0 2 2 0 0 1 2 2 2 2 2 2 2 0 0 67 NA 
2 1 2 2 0 0 0 0 0 0 2 0 2 0 0 0 0 1 0 1 0 2 1 1 0 0 0 1 0 1 69 2 
2 2 0 0 1 0 0 0 2 2 1 1 0 0 1 2 2 2 0 0 1 2 2 2 2 2 2 2 2 2 76 2 
2 2 2 2 0 1 0 0 0 0 0 0 2 2 0 0 1 2 0 0 1 2 0 0 1 2 1 2 1 2 78 2 
1 0 0 0 2 0 0 0 1 0 1 0 0 0 1 0 0 0 0 0 2 0 1 1 2 2 2 1 2 1 NA 2 
2 2 0 0 0 0 0 2 0 0 0 0 0 0 1 1 2 2 0 0 2 2 2 2 0 0 0 2 0 0 NA 2 
2 1 1 0 0 0 0 0 1 0 0 0 0 0 1 1 2 2 0 0 2 1 2 2 2 2 2 2 2 1 69 NA 
2 2 0 0 2 0 0 0 0 0 0 0 0 0 0 1 0 0 0 0 0 2 1 2 1 1 0 1 1 2 72 2 
2 0 0 0 0 0 0 0 0 0 0 0 0 0 0 0 2 2 0 0 1 0 2 1 0 0 1 1 0 0 77 2 
2 1 0 0 1 0 0 0 0 0 1 1 0 0 2 1 0 1 0 0 2 1 1 1 2 2 2 2 1 1 77 2 
2 2 0 0 0 0 1 1 1 0 1 NA 0 0 0 0 1 1 0 0 0 1 1 1 1 2 2 1 0 1 80 NA 
0 1 0 0 0 0 0 0 0 0 1 1 0 0 0 0 NA 1 0 0 1 1 NA 1 1 1 1 1 2 2 59 2 
2 2 0 0 0 0 0 1 0 0 0 1 0 0 0 0 0 1 0 0 0 0 1 2 1 2 0 2 1 1 75 NA 
2 2 0 0 2 0 0 0 2 0 2 2 0 0 0 2 0 0 0 0 0 0 1 1 1 1 0 0 NA NA 66 2 
2 NA 1 0 0 0 0 0 NA 2 NA NA NA 0 NA NA NA 0 0 0 NA 1 1 2 0 NA 2 2 0 1 70 2 
1 2 NA NA 2 2 0 0 2 2 0 0 0 0 0 2 0 0 0 0 1 2 1 2 2 2 2 2 0 1 NA 2 
2 2 2 1 2 2 0 1 1 0 0 0 0 0 0 1 2 2 0 1 1 2 1 2 1 2 1 2 2 2 NA NA 
1 0 1 0 NA 0 0 0 1 0 0 1 2 2 0 1 1 2 2 2 0 1 2 2 0 0 0 1 0 2 NA NA 
1 2 0 0 1 0 1 1 1 0 0 0 1 0 1 0 2 2 2 0 1 1 2 1 1 0 2 2 1 1 NA NA 
2 1 0 0 1 1 0 2 0 2 2 0 2 2 2 2 2 1 1 1 2 0 2 2 2 2 2 2 2 1 NA NA 
1 1 0 0 0 0 0 0 0 1 2 1 0 0 2 2 0 0 0 0 1 1 NA 2 0 2 1 2 1 2 73 NA 
1 2 0 0 0 0 2 0 0 0 0 0 2 0 0 NA 0 1 1 0 1 NA 2 1 0 2 1 2 1 2 99 NA 
2 2 1 2 0 0 2 1 0 0 0 1 NA NA 0 1 0 0 0 0 1 2 1 2 1 2 2 2 1 1 110 NA 
2 2 0 0 0 0 2 2 0 0 1 0 2 2 0 0 1 1 0 0 0 NA 2 2 0 0 2 1 2 1 127 NA 
2 1 0 0 2 2 0 0 2 0 2 2 0 0 0 0 0 0 0 0 2 2 1 2 1 1 0 0 0 0 NA NA 
2 2 2 1 1 0 0 0 0 0 2 2 1 0 0 0 0 0 0 0 0 0 2 1 0 2 0 2 0 0 NA NA 
2 2 1 1 1 1 0 0 0 0 2 1 2 1 1 1 1 2 0 0 1 1 1 1 1 1 0 1 1 2 NA NA 
2 2 0 0 1 0 0 0 0 0 2 2 0 0 0 0 0 0 0 0 1 0 1 0 1 0 2 0 0 0 NA NA 
1 0 1 1 0 0 0 0 0 0 0 2 1 2 0 2 0 0 1 2 0 0 1 0 1 0 0 0 0 0 NA NA 
0 0 0 0 1 1 0 0 0 0 2 1 0 0 1 2 0 0 0 0 0 0 1 1 2 1 1 2 0 1 NA NA 
2 2 2 2 0 0 0 0 0 0 0 0 2 2 0 0 2 2 0 0 0 0 2 1 0 1 1 2 0 1 NA 1 
1 1 0 0 2 2 0 0 2 2 2 1 0 0 1 1 1 1 0 0 2 2 1 2 2 2 1 2 1 2 NA NA 
2 2 0 0 2 2 2 2 1 1 2 1 0 0 2 1 1 2 0 0 2 2 2 2 1 2 1 2 0 1 NA NA 
2 2 2 2 0 0 0 0 0 0 0 0 2 2 0 0 2 2 2 2 2 2 1 1 0 1 1 2 1 2 NA NA 
2 1 1 1 0 0 0 0 0 0 1 0 2 1 0 0 1 1 0 0 0 0 1 1 0 1 1 1 0 1 NA NA 
0 1 0 0 2 0 0 0 1 1 0 0 0 0 0 1 1 1 0 0 2 1 2 0 1 2 2 1 2 1 NA NA 
1 NA 2 2 0 0 0 0 0 0 0 0 2 2 2 1 2 2 2 2 1 0 2 2 0 1 0 1 1 1 NA NA 
2 2 0 0 0 0 2 1 0 0 1 2 0 0 0 1 1 1 0 0 1 2 1 1 1 1 1 2 1 2 NA NA 
0 1 2 2 0 0 0 0 0 0 0 0 2 2 0 0 2 2 2 2 0 0 2 2 1 1 2 2 0 1 NA NA 
1 1 2 2 0 0 0 0 0 0 0 1 2 1 0 0 1 1 1 1 0 0 2 1 0 0 1 1 0 0 NA NA 
1 2 0 0 1 0 0 0 1 2 0 0 0 0 2 2 2 2 0 0 2 2 1 2 0 0 2 2 2 2 NA NA 
2 1 1 1 0 0 0 0 0 0 1 1 2 2 0 0 1 2 1 0 1 1 2 1 0 1 1 2 1 1 NA NA 
1 1 1 1 1 1 1 0 1 1 1 1 0 0 0 0 1 1 0 0 1 1 1 2 2 2 2 2 2 2 NA NA 
1 1 0 0 2 1 0 0 2 1 0 0 0 0 2 1 0 0 0 0 1 2 1 2 2 1 2 1 2 2 NA NA 
2 1 0 0 0 0 0 0 0 0 1 0 0 0 0 1 0 0 0 0 0 0 0 0 1 2 1 2 0 1 NA NA 
2 1 2 2 0 0 0 0 0 0 0 0 2 2 0 0 1 0 2 2 0 0 2 2 0 0 0 0 0 0 NA NA 
1 1 1 1 0 0 0 0 0 0 1 0 1 2 0 0 2 1 1 1 0 0 0 0 0 0 1 1 1 1 NA NA 
2 0 0 0 0 0 1 0 0 0 2 1 0 0 0 2 1 0 0 0 0 2 1 2 1 2 2 2 0 0 NA NA 
1 2 0 0 1 1 1 0 1 1 1 1 0 0 1 1 1 1 0 0 1 1 1 1 1 1 2 2 1 1 NA NA 
1 1 2 2 0 1 1 1 0 0 2 1 1 1 0 0 1 1 1 1 0 0 1 2 1 1 2 2 0 0 NA NA 
2 2 1 2 2 2 1 1 2 1 1 0 0 0 2 2 0 1 0 0 1 1 2 2 1 2 2 2 1 1 NA NA 
2 1 2 2 0 0 0 0 0 0 0 0 2 2 2 1 2 2 2 2 0 0 2 2 1 1 1 1 0 0 NA NA 
2 1 0 0 1 1 0 0 0 0 2 1 0 0 2 2 2 2 0 0 0 1 2 2 0 0 0 0 2 1 NA NA 
2 2 2 2 0 0 0 0 0 0 2 2 2 2 0 0 1 1 1 1 0 1 1 1 0 0 1 2 0 0 NA NA 
2 1 1 0 1 0 0 0 0 0 1 1 2 1 2 2 1 1 1 0 1 2 2 1 0 1 2 2 0 1 NA NA 
2 1 0 0 1 1 0 0 2 2 1 2 0 0 0 1 0 1 0 0 0 1 1 1 2 2 0 2 2 2 NA NA 
2 2 2 2 2 2 1 2 1 1 0 0 1 2 0 0 1 1 1 0 2 1 2 2 1 2 2 2 0 2 NA NA 
1 2 0 0 1 1 0 0 1 0 0 0 0 0 1 2 2 2 0 0 2 2 1 1 2 1 2 2 2 2 NA NA 
0 0 0 0 1 0 0 0 0 0 0 0 0 0 0 0 2 2 0 0 2 1 1 1 0 0 2 2 1 0 NA NA 
2 2 2 2 0 0 0 0 0 0 2 1 2 2 0 0 2 2 2 2 1 0 1 1 1 0 2 1 1 0 NA NA 
2 1 2 2 1 0 0 0 0 0 1 1 1 2 0 1 0 1 0 0 0 0 0 0 1 1 0 1 1 1 NA NA 
2 0 0 0 0 0 2 1 0 0 2 1 0 0 0 0 0 0 0 0 1 2 0 0 0 0 1 1 0 1 80 NA 
1 1 1 1 2 1 1 0 2 2 2 1 0 1 1 1 1 1 0 0 2 2 2 2 1 2 2 2 1 2 80 NA 
2 1 1 1 2 1 0 0 1 1 2 1 0 0 0 0 1 2 1 0 1 2 1 2 1 1 1 2 1 2 82 NA 
2 2 0 0 2 2 0 0 2 2 2 2 0 0 2 2 1 NA 0 0 2 2 1 2 1 1 2 2 2 2 83 NA 
1 2 0 0 1 1 0 0 2 2 0 1 0 0 NA 2 0 0 0 0 2 2 1 2 2 2 1 2 2 2 85 NA 
2 1 2 2 2 1 0 0 0 0 2 1 1 0 1 2 2 2 0 1 2 2 1 2 2 2 2 2 2 2 85 NA 
2 2 0 NA 0 0 2 2 0 1 2 2 2 1 0 2 2 2 2 2 1 2 2 2 1 2 2 2 1 2 86 NA 
2 2 1 1 1 1 0 0 2 2 2 2 1 0 1 1 0 0 0 0 2 2 0 2 1 2 1 2 1 2 86 NA 
1 1 0 0 2 1 0 0 2 1 1 NA 0 0 2 NA 0 0 0 0 2 2 1 1 1 1 0 2 2 2 86 NA 
2 2 0 0 1 1 0 0 2 2 1 1 0 0 2 2 0 0 0 0 2 2 1 2 1 1 2 2 2 2 86 NA 
2 2 0 0 2 NA 0 0 1 1 2 2 0 0 0 0 0 0 0 0 2 2 1 1 2 2 2 2 1 2 87 NA 
2 2 0 0 1 0 0 0 2 2 2 2 0 0 0 0 1 0 0 0 2 1 1 2 2 2 2 2 1 0 87 NA 
2 2 0 0 2 1 2 1 0 1 2 2 0 0 1 1 1 2 0 0 2 2 1 2 2 2 2 2 1 2 88 NA 
2 2 2 2 0 NA 0 0 0 0 2 2 1 2 1 2 2 2 0 0 1 2 2 2 0 1 2 2 0 0 88 NA 
2 2 0 0 2 1 0 0 2 2 2 2 0 0 2 2 0 0 0 0 2 2 1 2 1 2 1 2 1 2 89 NA 
2 2 0 0 1 1 0 0 2 1 2 2 0 0 1 1 0 0 0 0 1 1 0 1 1 1 1 2 1 0 90 NA 
2 2 1 1 0 NA 0 0 0 2 2 1 2 1 0 2 0 0 2 2 0 2 2 2 1 1 2 2 1 2 91 NA 
2 2 1 1 2 2 NA 0 2 2 2 2 NA NA 1 1 1 1 0 0 0 1 1 1 0 1 1 2 0 0 94 NA 
2 2 NA NA 2 1 2 2 0 1 0 0 1 0 2 2 2 2 0 0 1 2 2 2 2 2 1 2 1 2 96 NA 
2 2 0 0 2 2 0 0 NA 1 0 1 0 0 2 1 2 2 0 0 0 2 1 2 1 2 2 2 0 1 98 NA 
2 2 2 2 1 1 0 0 0 0 2 0 2 2 0 0 1 0 2 2 0 0 1 1 0 0 1 1 0 1 98 NA 
2 2 2 2 0 0 1 0 1 1 2 1 2 2 0 2 1 2 1 1 0 2 1 2 0 2 1 2 1 2 98 1 
2 2 0 0 1 1 0 0 2 2 2 NA 0 0 2 2 1 1 0 0 2 2 2 2 2 2 2 2 2 2 98 1 
2 2 2 2 0 1 0 0 0 1 1 2 2 1 0 0 2 2 1 1 0 0 1 2 1 2 1 2 0 1 98 NA 
1 1 0 0 1 0 0 0 1 0 1 0 0 0 2 1 1 1 0 0 2 1 2 1 2 1 2 2 1 1 98 NA 
2 2 0 0 2 2 0 0 2 2 2 2 0 0 1 2 0 1 0 0 1 2 1 2 2 1 1 1 0 1 99 NA 
2 2 0 0 2 0 0 0 2 1 1 2 0 1 2 0 0 0 0 0 2 2 0 2 2 2 2 2 2 2 99 NA 
2 2 0 0 2 2 NA NA 2 2 2 1 0 0 1 1 0 0 0 0 2 2 2 2 1 1 0 2 2 2 99 NA 
2 2 2 1 0 1 0 0 0 1 2 1 1 2 2 2 1 0 1 1 1 1 2 2 1 1 1 2 0 1 99 NA 
2 2 0 0 1 0 0 0 1 2 2 2 0 0 0 1 0 0 0 0 0 0 1 1 2 1 2 1 0 0 99 NA 
2 2 2 0 0 0 0 0 1 0 0 0 1 0 1 2 2 2 0 0 1 0 1 2 1 1 2 2 1 2 99 NA 
1 1 0 0 0 0 0 0 2 1 1 1 0 0 2 1 1 1 0 0 2 1 2 2 2 2 2 2 1 1 99 NA 
2 2 2 2 0 1 1 1 0 0 0 0 2 2 1 1 2 2 2 2 1 1 2 2 1 2 2 2 1 1 100 NA 
1 2 0 0 2 1 1 0 2 2 2 1 0 0 0 0 0 0 0 0 2 2 1 2 2 2 2 2 1 2 100 NA 
1 1 0 0 0 0 1 0 1 2 1 NA 0 0 1 2 1 0 0 0 2 1 1 2 1 2 2 2 2 2 101 NA 
2 1 0 0 0 0 0 0 1 1 2 NA 0 0 1 1 1 1 0 0 0 1 2 1 2 2 1 2 0 1 101 NA 
2 2 1 2 0 0 0 1 1 2 2 2 0 1 0 1 1 1 1 1 0 2 1 2 0 1 0 1 0 1 102 NA 
2 2 0 0 1 1 0 0 1 2 0 2 0 0 0 0 0 0 0 0 2 2 1 2 2 2 1 2 0 2 102 NA 
2 0 1 0 NA 0 0 0 0 0 2 0 2 0 0 0 0 0 2 1 2 2 0 0 0 1 0 2 1 2 102 NA 
1 2 0 0 2 1 0 0 2 1 0 0 0 0 0 0 1 2 0 0 2 1 1 1 0 0 1 2 1 0 102 NA 
2 1 2 2 0 0 0 0 0 0 1 1 2 2 0 0 0 0 2 1 0 0 2 2 0 0 1 2 0 0 102 NA 
2 1 0 0 1 0 1 0 2 2 2 1 0 0 0 1 0 0 0 0 2 2 1 1 2 1 2 1 0 1 102 NA 
2 2 0 0 2 2 0 NA 2 2 2 2 0 0 1 1 1 1 0 0 1 2 2 2 1 2 1 2 1 1 103 NA 
2 2 2 2 1 1 0 0 0 1 2 2 2 2 0 1 1 1 2 2 1 2 1 2 0 1 0 1 0 1 104 NA 
2 2 0 0 2 2 0 0 1 1 1 1 0 0 1 0 1 0 0 0 2 2 1 1 1 2 1 1 1 2 104 NA 
1 1 0 0 0 0 0 0 0 0 0 1 0 0 1 0 2 1 0 0 2 2 2 1 1 1 2 2 2 2 106 NA 
1 1 0 0 1 0 0 0 2 2 0 0 0 0 0 0 1 2 0 0 2 1 2 2 1 0 2 1 2 2 106 NA 
2 2 NA 0 2 1 0 0 2 2 1 2 0 0 2 1 0 0 0 0 2 2 1 2 2 2 1 1 1 2 107 NA 
2 2 1 1 0 0 0 0 0 1 0 1 2 1 0 1 0 0 0 1 0 0 2 1 0 2 1 2 0 1 108 NA 
2 2 1 0 2 1 1 1 2 2 2 1 0 0 1 1 0 0 0 0 2 2 1 1 1 1 1 2 1 1 109 NA 
2 2 0 0 2 1 2 2 1 1 2 2 0 0 1 1 1 1 0 0 1 0 1 2 0 1 2 2 2 1 110 NA 
2 0 0 0 0 0 0 0 0 0 2 1 0 0 2 1 2 1 0 0 2 1 1 1 0 0 2 2 0 1 111 NA 
2 2 1 1 0 0 0 0 1 0 2 1 0 0 0 0 0 0 0 0 0 0 1 2 1 0 2 1 0 1 112 NA 
2 2 0 0 2 1 0 0 1 1 1 1 0 0 2 1 1 1 0 0 2 2 1 2 1 2 1 2 2 2 112 NA 
0 1 2 2 0 0 0 0 0 0 0 1 2 2 0 0 1 0 1 1 0 0 NA NA 0 1 0 0 0 0 114 NA 
2 2 0 0 2 1 0 0 2 1 2 2 0 0 0 1 2 2 0 0 2 2 1 2 2 1 2 2 0 0 114 NA 
2 2 0 0 2 2 2 2 2 1 2 2 0 0 0 0 2 2 0 0 2 1 1 0 0 0 1 0 0 0 114 NA 
2 1 1 0 0 0 2 1 0 0 2 2 1 0 0 0 0 1 0 0 0 0 1 0 1 1 0 2 0 0 116 NA 
2 2 0 0 0 0 NA 1 0 0 NA NA 0 0 NA 1 1 2 0 0 1 1 1 1 0 1 2 2 0 0 117 NA 
1 1 2 2 0 0 0 0 0 0 1 1 1 1 0 1 0 1 1 1 0 0 0 1 0 0 1 0 0 0 118 1 
2 2 0 0 2 1 0 0 1 1 2 1 0 0 2 1 2 2 0 0 2 2 2 2 0 1 2 2 0 1 118 NA 
2 1 0 0 1 0 0 0 NA 1 2 1 0 0 0 0 0 0 0 0 0 1 1 2 2 1 2 2 2 1 120 NA 
2 2 0 0 NA NA 2 2 0 0 2 2 2 2 NA NA 0 0 1 1 0 0 1 1 1 1 2 1 0 0 120 NA 
2 2 1 1 NA NA 2 2 NA NA 1 1 2 2 1 2 1 1 2 2 NA NA NA 2 NA NA 1 1 0 0 120 NA 
2 2 NA NA 0 0 2 2 0 1 2 1 1 1 0 0 0 1 0 0 0 0 1 2 1 2 NA 1 0 0 121 NA 
1 1 0 0 1 0 0 0 0 0 1 1 0 0 2 0 0 0 0 0 2 2 2 2 2 2 2 2 2 2 128 NA 
1 1 1 1 NA 0 2 2 0 0 0 0 2 2 0 0 0 0 1 1 0 0 1 1 0 0 1 1 0 0 144 NA 
2 2 0 0 0 0 0 0 0 2 2 2 0 0 1 0 1 2 0 0 1 2 1 1 2 2 2 2 1 1 116 NA 
2 1 0 0 NA 1 1 1 2 2 1 1 0 0 0 0 2 2 0 0 2 1 1 2 2 2 1 2 2 1 NA NA 
2 2 1 0 2 1 0 1 1 1 1 0 0 0 0 0 2 1 0 0 0 2 NA 2 1 2 1 2 2 2 NA NA 
2 2 0 0 0 0 1 0 0 0 1 1 1 1 0 1 0 0 0 0 0 0 1 1 0 0 2 1 0 0 NA NA 
1 0 0 0 2 NA 1 0 2 0 2 0 0 1 0 0 2 2 0 0 2 0 2 1 1 1 2 2 0 1 NA NA 
0 0 2 1 0 0 0 0 0 0 0 0 2 1 0 2 1 1 2 0 0 0 2 1 0 0 2 2 0 1 NA NA 
2 2 2 2 0 0 0 1 0 0 0 1 2 2 0 1 NA 0 1 1 0 0 1 1 0 1 1 1 0 0 NA NA 
0 0 0 0 1 NA 0 0 1 1 1 0 0 0 2 1 2 2 0 0 2 1 2 2 0 0 1 2 2 2 NA NA 
1 1 1 1 0 0 0 0 0 0 0 0 1 0 0 0 2 2 2 1 1 1 2 2 0 1 2 2 1 1 NA NA 
1 1 0 0 2 NA 0 0 2 1 1 NA 0 0 1 1 0 0 0 0 2 2 2 2 2 2 2 2 1 2 NA NA 
2 2 0 0 2 NA 0 0 1 NA 0 0 0 0 1 0 1 0 0 0 2 2 2 2 2 1 1 1 2 2 NA NA 
2 0 0 0 2 0 0 0 2 0 2 1 0 0 0 0 2 2 0 0 1 0 1 1 2 2 2 2 1 1 NA NA 
1 1 0 0 NA 0 1 0 0 0 0 0 2 0 0 0 0 0 1 0 1 0 1 0 0 0 2 0 1 2 NA NA 
1 0 0 0 0 0 2 1 0 0 0 0 1 0 0 1 0 0 2 0 0 0 2 1 0 0 2 1 0 0 NA NA 
2 2 2 2 0 0 1 0 0 0 0 1 2 2 0 0 0 1 1 2 0 1 1 2 0 1 2 2 0 1 NA NA 
2 NA 2 2 NA NA NA NA NA NA NA NA 2 NA NA NA 2 NA 2 NA NA NA 2 2 NA NA NA NA NA NA NA NA 
1 2 2 1 0 0 0 0 0 0 1 0 2 1 0 0 2 2 2 0 2 0 2 1 0 1 2 1 0 0 NA NA 
2 1 2 0 0 0 1 0 0 1 0 0 1 0 0 1 2 2 2 0 1 1 2 1 0 0 2 2 0 0 NA NA 
1 0 0 0 0 0 1 0 0 0 0 0 2 1 0 1 1 0 2 2 0 0 2 2 0 0 2 2 0 0 NA NA 
1 1 0 0 1 0 1 0 0 0 1 1 0 1 0 1 2 2 0 1 0 1 2 2 1 2 1 2 1 1 NA NA 
2 0 2 2 2 2 0 0 NA NA 2 2 NA NA NA NA 2 NA NA 2 NA NA 2 1 NA NA 2 2 2 2 NA NA 
2 1 2 2 0 0 0 0 0 0 0 1 2 1 0 1 0 1 1 2 1 0 1 2 0 0 1 2 0 0 NA NA 
NA NA 2 2 NA NA NA 2 NA NA NA NA 2 NA NA NA 2 2 NA NA NA NA 2 NA NA 2 2 NA 2 NA NA NA 
2 2 2 2 NA NA NA NA NA NA 2 NA 2 2 NA NA 2 NA 1 NA NA NA 2 2 NA NA 2 NA NA NA NA NA 
2 2 2 2 0 0 0 0 1 1 0 1 2 1 0 1 1 0 1 0 1 1 2 1 0 1 2 1 0 0 NA NA 
0 1 1 1 0 0 1 1 0 0 0 1 2 1 1 1 0 0 1 0 NA 1 2 2 NA 2 1 1 0 0 NA NA 
2 1 2 2 0 0 1 0 0 0 0 0 2 2 0 0 1 1 2 2 0 0 2 2 0 0 1 2 0 0 NA NA 
1 1 0 0 0 0 1 0 0 0 0 0 2 0 0 0 1 0 2 0 1 1 1 1 1 1 2 2 0 2 NA NA 
1 1 2 0 0 0 0 0 0 0 0 1 2 1 0 0 0 0 1 1 1 1 1 1 0 0 1 2 0 0 NA NA 
1 0 2 1 0 0 1 0 0 0 0 0 2 0 0 0 1 1 0 0 0 0 2 1 0 0 2 1 0 0 NA NA 
1 1 1 0 2 2 0 0 1 2 1 2 0 0 0 1 0 1 0 0 1 2 1 1 0 2 1 1 0 0 NA NA 
1 2 2 2 2 2 2 2 1 1 0 0 1 1 0 0 1 2 0 0 2 1 1 1 0 2 1 2 1 2 NA NA 
2 1 2 1 0 0 0 0 0 0 0 0 2 0 0 0 2 1 2 NA 0 2 1 1 1 2 2 2 0 2 NA NA 
1 1 0 0 2 0 0 0 2 1 2 1 0 0 0 0 0 0 0 0 0 1 2 2 1 1 1 1 0 0 NA NA 
2 2 0 0 2 0 0 0 2 NA NA NA 0 0 0 0 0 0 0 0 0 0 NA NA 0 NA 0 0 NA 0 NA NA 
2 0 0 0 0 0 1 0 0 0 0 0 2 1 0 0 1 1 0 0 0 0 1 0 0 1 2 1 0 1 NA NA 
1 0 0 0 2 0 1 0 1 1 0 0 0 0 NA 0 2 2 0 0 2 1 2 2 2 2 2 2 2 2 NA NA 
NA NA 2 2 NA NA NA NA NA NA 0 2 2 2 NA NA 2 2 2 NA NA 2 NA NA 2 2 2 2 2 NA NA NA 
1 2 2 2 0 0 0 1 0 2 2 1 0 1 0 1 2 2 0 0 0 0 2 2 1 2 2 2 0 0 NA NA 
2 2 1 1 NA NA 1 1 0 0 0 1 2 1 0 1 2 2 0 0 0 1 1 1 0 1 2 2 0 1 NA NA 
2 2 1 0 0 0 2 2 0 0 1 0 2 2 0 1 1 1 0 0 0 1 1 1 2 2 1 2 0 1 89 NA 
1 0 0 0 0 0 2 0 0 0 1 0 1 0 0 1 0 0 0 0 0 NA 1 2 2 2 0 2 1 1 92 NA 
2 2 1 0 1 0 1 0 1 1 1 1 NA NA 0 0 0 0 0 0 1 2 1 2 NA NA NA NA NA NA 94 NA 
2 2 1 0 0 0 1 2 0 0 1 0 1 1 0 0 2 2 1 0 0 0 2 2 0 0 2 2 0 0 95 NA 
2 2 1 1 0 0 2 2 1 1 2 2 2 2 1 2 1 1 0 0 0 1 1 2 2 2 2 2 0 1 108 NA 
2 2 0 0 0 0 2 2 0 0 1 0 0 0 0 0 2 2 0 0 2 2 2 2 1 1 2 2 0 0 109 NA 
2 1 1 1 0 0 1 0 1 0 2 0 2 1 0 0 2 2 2 0 0 0 2 1 0 1 2 2 0 0 114 1 
2 0 1 1 1 1 NA NA 1 0 1 0 2 2 1 0 2 2 NA NA 2 NA 2 1 1 0 2 2 2 2 115 NA 
1 0 1 0 0 0 0 0 0 0 0 0 2 1 1 0 0 0 2 1 0 0 2 1 0 0 2 2 0 0 118 NA 
2 2 0 0 1 1 0 1 1 1 1 1 0 0 0 0 0 0 0 0 2 0 2 2 0 0 2 2 2 1 NA NA 
0 0 0 0 1 0 0 0 2 1 0 1 0 0 2 1 2 2 0 0 2 2 2 2 2 1 2 2 2 2 NA NA 
1 2 0 0 1 1 1 0 2 1 NA NA 0 0 0 0 0 0 0 0 0 0 1 0 2 0 2 2 0 0 NA NA 
1 1 1 0 0 0 0 0 0 0 1 1 1 0 0 1 2 2 1 1 0 0 2 2 0 1 1 2 0 0 NA NA 
2 2 0 0 1 0 0 0 1 2 2 2 0 0 0 1 0 NA 0 0 1 0 0 0 2 1 2 1 0 0 NA NA 
2 2 2 2 1 2 0 0 0 0 2 2 2 2 0 1 1 2 1 2 1 1 1 2 0 1 1 1 1 1 NA NA 
1 0 0 0 1 0 1 0 0 0 0 0 0 0 0 0 2 1 0 0 2 2 2 2 1 2 2 2 2 1 NA NA 
2 2 0 0 2 NA NA 1 0 0 2 0 0 0 0 1 2 2 0 0 2 NA 2 2 2 NA 2 NA NA NA NA NA 
2 2 0 0 0 2 0 1 0 1 2 2 0 0 0 0 0 0 0 0 1 2 1 1 0 1 1 1 0 0 88 NA 
2 2 0 0 2 2 1 1 2 2 2 2 0 0 1 0 1 2 0 0 2 2 2 2 1 0 2 2 NA NA 93 NA 
0 2 0 0 0 0 0 0 0 1 2 1 0 0 0 0 1 0 0 0 0 0 1 2 2 2 2 2 0 0 94 NA 
1 2 0 0 1 2 1 0 2 2 1 2 0 0 2 2 0 1 1 1 0 0 0 1 1 1 0 0 0 1 95 NA 
0 1 0 0 1 0 0 0 1 0 1 1 0 0 0 0 2 2 0 0 0 0 2 2 2 1 2 2 0 0 100 NA 
2 2 1 2 0 0 1 1 0 1 1 2 2 0 0 0 1 1 2 2 0 1 2 2 0 1 2 2 0 0 100 NA 
2 0 0 0 1 1 0 0 1 NA NA 1 0 0 1 2 1 1 0 0 2 2 2 2 1 1 2 1 0 1 100 NA 
2 2 2 2 0 0 0 0 1 NA NA 1 2 2 0 1 0 0 0 1 0 0 0 0 0 0 0 0 0 1 105 NA 
2 2 0 0 2 2 0 0 2 2 2 2 0 0 0 0 0 2 0 0 NA 0 1 2 0 2 2 1 0 2 109 NA 
0 2 0 0 2 2 0 0 2 NA 0 0 0 0 2 2 2 2 0 0 1 1 2 2 2 2 2 2 NA 2 115 NA 
2 2 0 0 1 NA 0 0 2 NA 2 NA 0 0 2 0 1 1 0 0 1 NA 2 0 0 1 2 0 2 1 117 NA 
2 2 2 1 0 0 0 0 0 0 2 1 2 1 1 1 2 1 0 0 0 0 2 1 1 0 2 1 0 0 132 NA 
2 2 0 0 2 2 NA NA 2 2 2 2 0 0 NA NA 0 0 0 0 NA NA 1 1 0 1 0 1 0 0 NA NA 
2 1 1 1 1 0 1 2 0 2 1 0 2 2 0 1 2 1 2 2 0 1 1 2 0 2 2 2 0 1 NA NA 
1 1 2 1 0 0 0 0 1 NA 0 0 1 0 0 0 2 2 0 1 0 0 1 2 0 1 1 2 0 1 NA NA 
2 2 2 1 0 0 0 0 0 0 1 1 1 2 0 0 1 2 0 1 0 NA 1 2 1 0 1 2 0 0 NA NA 
0 2 2 2 0 0 0 1 0 0 0 0 2 2 0 0 0 0 2 2 0 0 2 1 1 0 0 0 0 0 NA NA 
1 1 2 2 0 0 0 0 0 0 1 1 1 2 0 1 0 2 2 2 0 2 1 2 0 0 1 2 0 0 NA NA 
1 1 0 0 1 1 0 0 2 2 1 1 0 0 1 0 2 1 0 0 2 2 2 0 2 0 2 2 2 2 NA NA 
NA NA 0 0 1 NA NA 0 NA 2 NA NA 0 0 0 0 2 2 0 0 NA 1 1 2 1 1 NA 2 NA NA NA NA 
1 1 0 0 NA 2 1 1 1 1 1 0 0 0 1 0 1 2 NA 1 1 2 2 2 1 2 2 2 2 NA NA NA 
2 2 2 2 2 2 0 1 2 2 2 2 2 2 1 0 1 1 1 1 2 1 1 0 1 0 1 0 0 0 NA NA 
2 2 1 1 2 2 1 1 2 1 1 0 0 0 0 1 1 2 0 0 0 1 1 NA 1 2 2 2 2 2 75 NA 
0 1 0 0 2 1 0 0 1 1 1 0 0 0 1 1 1 2 0 0 2 2 0 1 0 2 1 2 1 2 80 NA 
1 0 2 1 0 0 1 0 1 2 1 0 1 0 0 0 2 1 2 1 0 0 2 2 0 1 1 2 0 1 82 NA 
1 1 0 0 0 0 0 0 2 1 1 0 0 0 0 0 1 1 0 0 1 2 1 2 2 2 2 2 0 1 82 NA 
2 2 1 1 2 2 1 1 2 2 1 1 1 1 0 0 1 1 0 0 2 0 2 2 0 0 2 2 0 0 83 NA 
2 2 0 0 2 2 1 2 0 0 1 1 0 1 0 1 2 2 0 0 2 2 1 2 1 2 1 2 2 2 84 NA 
2 2 0 0 NA NA 0 0 2 1 1 1 0 0 0 0 2 1 0 0 2 2 1 2 2 2 1 2 0 0 84 NA 
2 1 0 0 1 1 0 0 0 NA 1 1 0 0 0 0 2 2 0 0 2 2 2 1 NA 0 2 1 1 1 85 NA 
2 2 0 0 2 0 2 0 1 1 2 0 0 0 2 2 1 1 0 0 2 1 1 1 0 1 2 2 2 1 85 NA 
1 2 0 0 2 2 0 0 2 2 0 1 0 0 1 1 1 1 0 0 2 2 1 2 1 2 2 2 2 2 85 NA 
2 2 0 0 2 2 0 0 0 NA 0 0 0 0 0 0 2 0 0 0 1 1 1 2 2 2 2 2 2 2 86 NA 
2 1 2 2 2 1 0 0 1 1 2 1 0 1 0 0 2 2 0 1 1 1 2 2 1 2 2 2 1 2 87 NA 
2 2 0 0 2 1 0 0 0 2 0 0 0 0 0 0 2 0 0 0 0 2 1 2 2 2 2 2 2 1 89 NA 
1 1 0 0 1 0 0 0 1 1 0 0 0 0 2 NA 2 2 0 0 2 1 2 1 1 2 2 2 2 2 91 NA 
2 2 0 0 1 NA 0 0 NA NA 1 2 0 0 0 0 0 1 0 0 2 2 1 2 2 2 1 2 0 0 92 NA 
1 1 0 0 0 0 0 0 0 0 2 2 0 0 1 2 0 0 0 0 1 1 2 0 0 0 2 2 1 NA 92 NA 
2 2 0 0 2 1 0 0 2 1 2 1 0 0 0 0 0 0 0 0 0 0 0 2 2 2 1 0 0 1 93 NA 
2 2 0 0 1 2 0 0 1 1 1 2 0 0 0 0 0 0 0 0 0 2 1 2 1 2 2 2 0 1 97 NA 
2 2 0 0 2 1 1 1 2 2 2 2 0 0 1 2 2 2 0 0 2 2 0 2 2 2 2 2 2 2 98 NA 
2 2 0 0 2 0 0 0 0 0 1 0 0 0 0 1 0 0 0 0 2 0 0 2 1 2 1 2 1 1 98 NA 
0 0 0 0 2 0 0 0 1 0 0 0 0 0 0 1 1 2 0 0 0 0 1 1 1 2 2 2 1 1 98 NA 
2 2 0 0 2 2 0 NA 2 2 1 1 0 0 2 2 1 2 0 0 2 2 2 2 2 2 2 2 1 2 99 NA 
2 2 0 0 2 0 0 0 1 2 2 2 0 0 2 2 1 2 0 0 2 2 2 2 2 2 2 2 2 1 100 NA 
1 1 0 0 2 1 0 0 2 2 0 1 0 0 1 0 2 2 0 0 1 1 1 2 0 1 2 2 1 2 100 NA 
1 2 0 0 2 2 0 0 1 2 0 1 0 0 0 0 2 1 0 0 2 1 2 2 1 0 2 2 1 0 101 NA 
2 2 0 0 1 1 0 1 0 0 2 2 0 0 1 1 0 2 0 0 0 1 1 2 0 2 1 2 0 1 105 NA 
2 2 0 0 1 NA 0 0 1 1 2 0 0 0 NA 0 2 2 0 0 0 1 0 1 0 1 2 1 1 1 107 NA 
1 1 0 0 1 1 0 0 1 1 0 0 0 0 2 2 0 1 0 0 2 2 2 2 1 2 2 2 2 2 108 NA 
1 0 0 0 1 1 0 0 1 1 1 0 0 0 1 1 2 1 0 0 2 2 2 2 0 0 2 1 0 0 108 NA 
2 2 0 0 2 2 0 0 0 0 2 1 0 0 0 0 1 1 0 0 2 2 1 2 0 0 1 2 1 0 109 NA 
1 2 0 0 0 0 1 1 0 0 1 0 0 0 1 1 2 2 0 0 1 2 2 2 0 1 2 2 0 1 112 NA 
2 2 0 0 1 2 1 0 2 0 0 0 0 0 0 0 1 2 0 0 0 0 2 2 1 2 1 2 0 1 112 NA 
2 2 0 0 2 0 0 0 1 2 1 2 0 0 0 0 0 0 0 0 NA 2 2 1 2 1 2 1 0 1 114 NA 
2 2 0 0 2 2 2 1 2 2 0 0 0 0 1 1 0 1 0 0 2 2 1 2 1 1 2 2 0 0 117 NA 
2 2 2 2 2 2 2 2 0 0 0 0 0 0 0 0 1 2 1 1 NA NA 2 2 1 1 2 2 0 0 120 NA 
1 1 0 0 0 0 2 0 2 2 0 0 0 0 0 1 0 2 0 0 2 2 1 2 1 2 2 2 0 0 120 NA 
2 0 0 0 2 NA 2 NA 2 0 1 0 0 0 2 0 2 0 0 0 1 0 2 0 1 1 2 0 0 0 128 NA 
0 1 0 0 0 0 0 0 1 0 0 0 0 0 1 1 0 0 0 0 2 0 1 0 0 2 2 2 2 2 NA NA 
2 1 NA NA 1 0 2 2 2 2 2 0 1 2 1 2 0 0 1 0 1 1 1 1 0 0 1 1 0 2 NA NA 
2 1 0 0 2 0 1 1 0 0 2 2 0 0 1 0 0 0 0 0 2 0 0 1 1 1 0 2 0 0 NA NA 
2 2 1 1 0 0 2 2 1 1 1 1 2 1 0 1 0 0 0 0 1 2 1 2 1 1 2 1 0 1 NA NA 
2 1 1 1 0 0 0 0 0 0 0 0 2 0 0 0 1 1 2 0 0 0 1 0 0 0 1 0 0 0 NA NA 
2 2 2 1 0 0 1 0 0 0 1 0 2 2 1 0 1 1 0 0 0 0 1 1 0 0 1 1 0 0 NA NA 
2 2 0 0 2 2 0 0 2 1 2 2 0 0 0 1 1 2 0 0 0 0 1 1 2 2 1 2 0 0 NA NA 
2 1 0 0 1 2 0 0 2 2 1 1 0 0 2 1 1 1 0 0 2 1 1 2 1 2 1 2 0 0 NA NA 
1 1 0 0 0 0 1 0 0 0 0 0 1 0 0 0 2 2 2 0 0 0 1 1 0 0 2 2 0 0 NA NA 
2 2 NA NA 2 2 1 1 2 2 2 1 0 0 2 2 1 0 NA NA 1 2 1 2 0 0 2 2 1 1 NA NA 
2 2 0 0 0 0 0 0 0 1 2 2 0 0 0 0 1 2 0 0 1 1 1 2 2 2 1 2 1 0 NA NA 
2 2 0 0 1 1 1 1 2 2 0 0 0 0 0 1 1 1 0 0 2 2 1 2 1 1 1 1 0 1 NA NA 
NA 1 0 0 0 0 2 0 0 0 0 0 0 0 0 0 0 0 0 0 0 0 1 0 1 1 0 2 0 0 NA NA 
2 2 0 0 2 2 0 0 2 2 1 1 0 0 0 0 1 0 0 0 1 0 1 1 1 1 0 2 0 1 NA NA 
2 2 0 0 2 2 0 0 0 0 0 0 0 0 0 0 1 2 0 0 2 2 NA NA 0 0 2 2 1 0 95 NA 
2 2 0 0 1 1 0 1 0 0 0 0 0 0 0 1 0 0 0 0 2 2 1 2 0 0 1 1 1 0 108 NA 
2 1 0 0 2 2 0 0 1 2 2 1 0 0 2 2 2 2 0 0 2 2 2 2 1 1 2 2 2 1 114 NA 
NA NA 0 0 NA NA NA NA 0 0 NA NA 2 NA 0 0 NA NA 2 1 NA NA 2 2 NA NA NA NA 0 0 NA NA 
2 1 1 0 0 0 1 1 0 0 0 0 2 2 0 0 1 0 0 0 0 0 2 2 0 0 2 2 0 0 107 NA 
0 0 0 0 1 0 0 0 1 1 0 0 0 0 1 0 1 1 0 0 1 1 1 1 1 0 1 1 1 1 107 NA 
2 2 0 0 1 0 NA NA NA 2 2 2 0 0 NA NA NA 0 0 0 NA 2 NA 2 2 2 1 NA NA NA 123 NA 
2 2 2 2 0 1 1 2 0 0 0 0 1 1 0 0 2 2 0 0 0 0 1 2 0 0 1 1 0 0 123 NA 
2 2 0 0 2 1 1 0 1 0 0 0 0 0 0 0 1 1 0 0 2 2 1 1 0 0 2 2 2 1 NA NA 
2 1 2 2 0 0 1 1 0 0 1 1 2 2 0 0 1 1 1 0 0 0 1 0 0 0 0 1 0 1 NA NA 
2 1 2 2 0 0 0 0 0 0 0 1 2 2 0 0 1 2 2 2 0 1 1 2 0 0 1 2 0 1 NA NA 
2 2 0 0 1 1 0 0 2 1 1 1 0 0 2 2 2 2 0 0 2 2 1 2 1 1 2 2 0 1 NA NA 
2 2 0 0 2 1 0 0 0 0 0 1 0 0 0 1 1 2 0 0 0 1 1 2 2 2 1 2 0 0 NA NA 
2 1 2 2 0 0 0 0 0 0 0 0 1 2 0 0 1 1 1 1 0 1 2 2 0 0 1 2 0 1 NA NA 
2 2 0 0 2 2 0 0 2 2 1 2 0 0 0 0 0 1 0 0 2 1 1 2 0 1 2 2 1 2 NA NA 
2 2 0 0 0 1 0 0 1 2 2 1 0 0 1 1 0 0 0 0 2 2 0 2 1 2 1 2 0 0 NA NA 
1 2 0 0 2 1 2 2 2 1 0 0 0 0 2 1 0 1 0 0 1 1 1 1 0 1 1 1 1 1 NA NA 
2 2 0 0 NA 0 1 1 0 0 0 0 0 0 0 1 1 2 0 0 0 0 2 2 1 1 1 2 1 0 86 NA 
2 1 0 0 2 0 1 1 2 0 0 0 0 0 1 1 1 2 0 0 2 2 1 1 0 1 2 2 1 1 87 NA 
2 2 0 0 2 1 0 0 2 1 0 0 0 0 0 1 0 1 0 0 2 2 1 1 1 2 1 2 2 2 91 NA 
1 1 1 NA 0 0 1 1 0 0 1 NA 2 NA 0 0 1 0 1 0 0 0 1 1 0 0 1 2 0 0 91 1 
2 2 0 0 1 0 0 0 1 1 1 1 0 0 0 0 2 1 0 0 0 NA 1 2 1 2 2 2 0 1 97 NA 
1 1 1 1 1 NA 1 0 NA 0 0 0 2 1 0 0 2 1 1 1 NA 0 1 2 0 1 0 1 0 1 97 NA 
2 0 0 1 1 0 0 2 2 0 1 0 0 2 2 1 2 0 0 2 2 1 2 1 2 2 2 1 2 NA 98 NA 
2 2 1 1 0 0 2 2 1 1 2 2 1 2 0 0 1 2 0 0 1 2 1 2 1 1 2 2 0 2 101 NA 
1 1 2 2 0 0 0 0 0 0 1 0 2 2 0 0 2 2 1 1 0 1 1 2 0 0 1 2 0 0 107 NA 
1 1 2 1 0 1 0 1 0 0 0 1 2 0 0 0 1 1 0 0 0 1 1 2 0 0 2 2 0 0 112 NA 
2 2 2 2 1 0 1 0 0 0 0 0 2 2 0 0 1 1 1 0 0 0 1 1 0 0 1 2 0 0 116 NA 
1 0 2 2 0 0 0 0 0 0 0 0 2 2 0 0 0 0 0 1 0 0 1 0 0 0 0 0 0 0 120 NA 
2 2 0 0 1 0 0 0 1 1 1 1 0 0 NA 1 0 1 0 0 0 0 1 2 0 0 1 2 0 0 130 NA 
1 1 2 2 0 0 1 1 0 0 0 0 2 2 0 1 1 1 1 2 0 0 1 2 0 0 1 1 0 0 NA NA 
2 2 0 0 2 2 2 2 2 1 2 2 0 0 0 0 1 1 0 0 1 1 2 2 1 2 2 2 0 0 NA NA 
2 2 0 0 0 0 2 1 0 0 1 0 0 0 0 1 2 2 0 0 1 1 2 2 0 1 2 2 0 0 NA NA 
0 0 0 0 1 0 0 0 2 1 0 0 0 0 1 1 0 0 0 0 2 2 1 0 0 NA 2 2 2 2 NA NA 
2 2 2 2 0 0 0 0 0 0 0 0 0 0 0 0 1 1 2 1 0 0 2 2 0 0 2 2 0 0 NA NA 
2 1 2 2 0 0 0 0 0 0 2 1 0 0 0 0 2 2 1 2 0 0 NA NA 0 0 2 2 0 0 NA NA 
2 2 1 0 0 0 2 2 0 1 2 1 0 0 2 1 1 2 0 0 2 1 1 1 0 2 2 2 1 2 NA NA 
2 2 0 0 0 0 0 0 0 0 NA 2 NA 0 0 0 1 1 0 0 0 0 0 0 1 2 2 2 0 1 NA NA 
2 1 0 0 0 0 0 0 2 1 2 1 0 0 2 1 1 0 0 0 0 1 1 2 1 2 1 1 1 1 77 NA 
2 2 0 0 1 0 0 0 NA 1 0 0 0 0 0 0 0 0 0 0 NA 2 1 2 2 1 2 2 2 2 81 NA 
2 2 0 0 2 2 2 2 2 1 2 1 0 0 1 1 1 2 0 0 1 1 1 2 2 2 2 2 1 2 83 NA 
2 2 0 0 2 2 NA NA 1 2 2 2 0 0 2 2 1 1 0 0 2 2 2 1 1 2 2 2 1 2 84 NA 
1 1 0 0 0 1 1 1 0 1 0 0 0 0 0 0 1 1 0 0 2 2 1 2 2 2 2 2 1 2 84 NA 
1 1 0 0 0 0 1 0 0 0 0 0 1 1 0 0 2 1 0 0 1 1 2 1 2 2 2 2 0 2 85 NA 
2 2 0 0 0 0 0 0 0 0 0 0 0 0 1 0 2 2 0 0 0 1 2 2 1 2 2 2 0 0 85 NA 
2 2 2 2 0 0 0 0 0 1 0 0 2 2 0 0 0 1 2 2 0 2 1 2 0 2 1 2 0 0 87 NA 
2 2 0 0 1 2 1 1 0 1 1 1 0 0 1 1 0 0 0 0 1 1 2 2 2 2 1 1 0 2 87 NA 
0 0 0 0 0 0 1 0 0 0 0 0 0 0 0 1 2 2 2 1 0 2 2 2 0 1 1 1 0 2 89 NA 
2 2 2 2 0 0 2 2 0 0 0 0 1 2 0 0 2 2 0 0 0 0 1 1 0 0 1 1 1 1 89 NA 
2 2 2 NA 0 0 2 1 0 0 1 0 1 NA 0 0 2 2 1 0 0 2 2 1 0 1 2 2 0 2 92 NA 
1 2 1 0 0 0 2 1 0 1 1 1 1 1 0 1 1 1 0 0 1 1 1 2 2 2 2 2 0 1 94 1 
1 0 1 1 0 0 1 1 0 0 0 0 1 1 0 1 2 2 0 0 1 1 2 1 0 1 2 2 0 1 94 1 
1 1 0 0 2 0 0 0 0 0 1 0 0 0 2 1 1 0 0 0 2 0 2 1 1 1 2 2 2 1 98 NA 
2 NA 0 0 0 0 0 0 0 0 1 0 0 0 0 0 2 2 0 0 0 0 1 1 0 1 2 2 0 0 99 NA 
1 2 0 0 0 0 2 2 0 1 0 0 1 1 0 1 2 2 0 0 1 2 1 2 0 1 2 2 0 2 100 NA 
2 1 0 0 1 0 0 0 1 1 1 0 0 0 0 1 1 2 0 0 2 1 1 2 1 2 2 2 1 2 105 NA 
2 2 2 2 0 0 0 1 0 0 0 1 2 1 0 0 0 0 0 0 1 0 1 1 0 0 NA 1 0 0 106 NA 
2 1 NA NA 0 0 2 2 0 0 2 0 0 0 0 0 2 2 0 0 0 0 1 2 0 2 2 2 0 2 107 NA 
1 2 0 0 0 0 0 0 0 0 0 0 0 0 0 0 0 0 0 0 2 2 0 1 1 0 0 0 NA NA 109 NA 
2 1 1 1 0 0 0 0 0 0 0 0 1 0 1 1 2 2 0 0 1 0 2 2 1 0 2 2 0 0 109 NA 
2 2 0 1 0 0 2 2 2 1 0 0 0 2 1 0 2 1 0 0 0 0 2 2 0 0 1 1 0 0 112 NA 
0 1 0 0 1 NA 0 0 0 0 1 2 1 NA 0 0 1 1 0 0 2 2 2 1 0 1 2 1 1 2 NA NA 
NA 2 0 0 0 0 0 0 0 0 NA 1 0 NA 0 0 0 0 0 0 NA 1 0 2 2 2 1 2 NA 2 NA NA 
1 2 0 0 0 0 0 0 0 NA 2 1 0 0 0 0 0 0 0 0 2 1 NA 1 2 2 NA 2 0 2 NA NA 
2 2 0 0 1 0 0 1 0 0 1 NA 0 0 0 0 0 0 0 0 0 0 1 0 1 2 1 2 0 1 NA NA 
2 2 0 0 0 0 0 0 0 0 2 2 0 0 0 0 1 1 0 0 0 0 NA 1 0 0 0 2 0 0 NA NA 
1 0 1 1 0 0 0 0 0 0 0 0 2 2 0 1 2 2 2 2 1 1 2 2 0 0 2 2 0 0 NA NA 
2 2 NA NA 1 0 0 1 0 0 2 2 0 1 0 0 0 1 0 0 1 2 0 1 2 2 NA NA 2 2 NA NA 
0 1 1 1 0 0 0 0 0 0 0 0 0 1 0 0 1 1 0 0 2 2 1 2 0 2 2 2 0 1 NA NA 
2 1 0 0 0 0 0 0 0 1 2 2 0 0 0 0 0 0 0 0 0 2 1 0 0 2 2 2 0 2 NA NA 
2 2 0 0 NA 0 0 0 NA 0 1 NA 0 0 0 0 0 NA 0 0 0 0 0 0 2 2 2 2 0 0 NA NA 
2 2 0 0 0 0 1 0 0 0 2 2 0 0 0 0 0 0 0 0 1 1 1 1 0 1 1 1 0 0 75 NA 
2 2 0 0 1 0 0 0 1 1 0 0 0 0 0 1 0 1 0 0 0 1 1 2 0 0 0 1 0 0 76 NA 
2 1 1 0 0 0 0 0 0 0 1 1 1 0 0 0 0 0 0 0 1 1 0 2 1 2 2 2 0 0 77 NA 
2 2 0 0 0 0 0 0 1 1 2 2 0 0 0 0 NA NA 0 0 0 1 NA NA 1 1 2 2 1 1 79 NA 
1 2 0 0 0 0 0 0 0 0 1 0 0 0 0 0 2 2 0 0 2 2 2 1 2 2 2 2 0 1 80 NA 
2 2 1 1 0 0 0 0 0 0 2 2 0 0 0 0 0 0 1 2 1 1 1 2 1 1 2 2 0 0 82 NA 
2 2 1 0 2 0 0 0 0 0 1 0 0 0 0 0 0 1 0 0 1 1 1 2 2 2 2 2 1 1 84 NA 
1 2 0 0 0 0 1 1 0 0 0 0 NA 0 1 1 1 0 0 0 0 0 1 NA 2 2 2 2 0 1 84 NA 
2 2 0 0 0 0 0 0 0 0 2 2 0 NA NA 0 2 2 1 0 0 1 2 1 2 2 2 2 0 1 85 NA 
2 2 0 0 1 0 0 1 0 1 2 1 0 0 0 1 2 2 0 1 1 2 1 2 2 2 2 2 1 1 86 NA 
0 1 0 0 2 2 0 0 2 2 2 NA 0 0 1 2 2 2 0 0 0 0 0 0 1 0 2 2 0 0 90 NA 
2 1 0 0 1 0 0 0 0 0 1 0 2 0 0 0 1 1 0 0 2 1 1 NA 1 0 2 1 0 0 90 NA 
2 2 0 0 0 0 0 0 0 0 0 0 0 0 0 0 0 0 0 0 0 0 1 2 2 2 2 2 0 0 91 NA 
0 NA 2 2 1 0 0 0 0 0 1 0 NA 1 0 0 0 0 2 2 2 2 NA 2 0 0 2 2 0 2 93 NA 
2 2 2 1 0 0 0 0 0 0 2 0 1 1 0 0 0 0 NA 0 0 0 NA NA 0 NA 1 1 0 0 93 NA 
0 0 0 0 0 0 0 0 1 0 0 0 0 0 0 0 NA NA 0 0 0 2 0 0 2 2 2 1 0 0 94 NA 
2 2 0 0 NA NA 0 0 0 1 0 1 0 0 2 0 2 2 0 0 1 2 1 1 1 2 2 2 1 1 94 NA 
2 2 1 0 0 0 0 0 0 0 1 0 2 0 0 0 0 0 0 0 0 0 1 NA 0 2 2 2 0 2 97 NA 
0 2 0 0 0 0 0 0 0 0 0 2 0 0 0 0 0 0 0 0 0 0 2 1 1 1 2 2 0 0 98 NA 
2 2 0 0 NA 0 0 0 NA 2 1 1 0 0 0 0 0 0 0 0 2 2 1 NA 2 2 2 2 2 1 101 NA 
2 0 0 0 1 0 0 0 0 0 2 1 0 0 0 0 0 0 0 0 2 1 NA NA 1 0 2 1 0 0 102 NA 
2 1 2 1 NA 0 0 0 0 0 2 0 2 NA 0 0 1 1 0 1 2 1 1 NA 0 1 1 2 0 0 105 2 
2 2 NA NA 0 0 0 0 0 0 2 2 2 1 0 1 1 1 NA NA NA NA 1 2 0 0 1 1 0 0 106 1 
0 1 2 2 0 0 0 0 0 0 0 0 2 2 0 0 2 2 2 2 0 0 2 2 0 0 1 1 0 0 113 NA 
2 2 0 0 0 0 0 0 0 0 0 0 0 0 0 0 2 2 0 0 0 0 2 2 0 0 2 2 0 0 122 1 
2 1 0 0 1 1 1 1 1 2 2 2 0 0 0 1 0 NA 0 0 2 2 2 2 2 2 2 2 0 NA NA NA 
1 2 1 0 NA 0 1 1 1 1 NA 1 NA 1 0 0 2 1 NA 1 2 2 2 1 2 2 2 2 0 2 NA NA 
1 1 0 0 1 1 0 0 2 1 0 0 0 0 2 2 2 2 0 0 2 2 2 2 0 1 2 2 1 2 NA NA 
2 1 2 2 0 0 0 0 0 0 2 0 1 1 0 0 2 2 1 2 1 2 2 1 1 0 2 2 0 0 NA NA 
1 0 1 0 1 0 1 1 0 0 0 0 2 2 1 2 2 2 2 1 2 2 1 2 NA NA 2 2 0 2 NA NA 
1 2 0 0 0 2 0 0 0 2 0 1 0 0 2 1 1 2 0 0 2 2 2 2 1 1 2 2 1 0 NA NA 
0 0 0 0 1 NA 0 0 2 1 2 0 0 0 0 0 1 1 0 0 2 1 1 1 0 0 2 1 2 0 NA NA 
2 2 0 0 2 0 0 0 2 1 0 0 0 0 1 0 0 1 0 0 1 2 1 2 2 2 2 2 0 1 NA NA 
2 2 2 2 0 0 0 1 0 1 2 2 1 2 0 0 0 1 1 0 1 2 1 1 0 1 0 2 0 0 NA NA 
2 2 2 2 0 1 2 1 0 0 1 2 0 0 0 0 1 0 0 0 1 0 1 1 0 0 2 1 0 0 NA NA 
2 1 0 0 1 0 0 0 1 0 1 1 0 0 1 1 2 2 0 0 2 2 1 2 2 2 2 2 1 2 NA NA 
2 2 0 0 2 NA 2 NA 2 2 1 NA 0 0 0 0 1 1 0 0 2 NA 1 2 0 2 2 2 0 0 51 NA 
2 0 1 0 0 0 0 1 0 0 1 NA 2 2 0 0 2 0 1 0 0 0 1 2 0 0 2 2 0 0 90 NA 
2 2 0 0 2 0 1 0 2 2 2 0 0 0 2 2 2 2 0 0 2 2 1 1 2 2 2 2 1 0 96 NA 
2 0 0 0 0 0 2 2 1 1 0 0 2 0 0 2 0 2 0 0 0 0 1 2 0 0 1 2 0 0 98 NA 
2 2 2 1 0 0 2 NA 0 0 1 1 2 1 0 0 0 0 0 0 0 0 1 0 0 1 1 0 0 0 100 NA 
2 1 NA NA 0 0 2 2 NA NA 0 0 1 1 NA 1 1 1 1 2 0 1 1 NA NA 1 1 NA NA NA 101 NA 
2 1 0 1 0 0 2 1 0 0 0 0 2 0 0 0 2 2 2 2 2 0 2 2 0 0 2 2 0 0 104 1 
1 2 0 0 1 NA 1 0 NA 2 2 2 1 0 0 0 0 0 0 0 0 0 2 2 2 2 2 2 0 0 106 NA 
2 2 NA NA 0 0 0 0 0 0 1 0 2 2 0 0 2 2 1 1 0 1 NA 2 0 1 2 2 0 0 111 NA 
2 2 1 1 0 1 0 2 0 0 1 0 2 2 0 0 2 2 2 2 0 1 1 2 0 1 2 2 0 0 113 NA 
2 2 2 2 0 0 0 0 0 0 1 0 2 2 0 0 1 1 1 1 0 1 1 1 0 1 0 1 0 0 125 2 
2 2 0 0 1 1 0 0 1 1 1 1 0 0 1 1 1 1 0 0 2 1 2 2 2 2 2 2 2 2 NA NA 
1 1 0 0 0 0 1 1 0 0 1 1 1 1 1 1 2 2 0 0 0 0 2 2 2 2 2 2 1 1 NA NA 
0 0 0 1 0 0 2 1 0 0 0 0 2 0 0 1 2 2 1 1 0 0 2 2 0 0 2 2 0 0 NA 1 
0 0 0 0 2 1 0 0 2 2 1 0 0 0 1 1 2 2 0 0 2 2 1 0 2 2 2 2 2 2 62 NA 
2 2 0 0 0 0 0 0 1 1 0 0 0 0 2 2 1 1 0 0 2 2 2 2 2 2 1 2 0 2 83 NA 
2 2 2 2 0 1 0 1 0 0 0 0 1 1 0 0 2 2 1 0 0 0 2 2 1 1 2 2 1 1 84 NA 
2 2 0 0 0 0 0 0 0 1 0 1 0 0 0 1 2 2 0 0 1 1 2 2 2 1 2 2 2 2 88 NA 
2 2 0 0 1 0 1 1 1 0 0 0 0 0 0 0 2 1 0 0 1 0 2 2 1 1 2 2 2 2 92 NA 
2 1 0 0 0 0 0 0 0 0 0 0 1 1 0 0 0 0 0 0 0 0 2 2 2 2 2 2 1 1 96 NA 
2 2 0 0 1 0 1 0 2 2 2 1 0 0 2 1 1 2 0 0 2 2 2 2 2 2 2 2 2 2 100 NA 
1 2 0 0 1 0 0 0 0 1 0 0 0 0 1 1 1 1 0 0 2 2 2 2 1 1 2 2 2 2 105 NA 
1 1 0 0 0 0 1 1 2 2 2 2 2 2 1 1 2 2 0 0 2 2 2 2 2 2 2 2 2 2 105 NA 
2 2 0 0 1 1 2 2 2 2 1 0 0 0 1 1 2 2 0 0 2 2 2 2 0 1 2 2 2 2 109 NA 
2 2 2 1 0 0 2 2 0 0 0 0 2 2 0 1 2 2 1 1 0 0 2 2 1 0 2 2 0 0 125 1 
2 2 1 1 0 0 1 1 0 0 0 0 2 2 0 0 2 1 0 0 0 0 1 1 1 0 2 1 1 1 125 1 
2 2 1 2 0 0 2 2 0 0 0 0 2 2 0 1 2 2 1 1 1 1 1 2 1 1 2 2 0 1 136 1 
2 2 0 0 2 2 0 0 2 2 0 0 0 0 2 1 4 2 0 0 0 0 1 2 2 2 2 2 0 0 NA NA 
2 2 1 0 2 2 0 0 2 2 2 2 0 0 1 2 2 2 0 1 2 2 1 2 2 2 1 1 0 1 NA NA 
NA 0 0 0 NA NA NA 1 NA NA NA NA 0 0 NA NA 0 0 0 0 NA NA NA 2 0 0 NA 2 NA NA NA NA 
0 0 0 0 1 0 0 0 1 0 0 0 0 0 2 2 1 1 0 0 2 1 2 2 1 2 2 2 0 0 NA NA 
2 2 2 2 2 2 1 1 0 2 2 2 1 2 0 1 1 1 0 0 1 2 1 2 0 1 0 1 0 1 NA NA 
1 2 0 0 1 1 0 0 0 0 0 0 0 0 0 0 0 1 0 0 2 2 0 2 0 2 2 2 2 0 NA NA 
1 2 0 0 0 0 0 0 1 2 0 1 0 0 0 0 0 0 0 0 2 2 1 2 1 2 2 2 2 1 NA NA 
2 2 0 0 2 2 0 0 1 2 1 2 0 0 0 0 1 1 0 0 2 2 1 2 1 2 2 2 0 1 NA NA 
2 1 0 0 2 1 0 0 0 0 1 0 0 0 1 2 0 1 0 0 2 2 1 1 0 0 2 2 1 2 NA NA 
1 2 0 0 0 0 0 0 1 1 1 1 0 0 2 2 1 1 0 0 2 2 1 2 1 2 1 2 2 2 NA NA 
2 2 2 2 2 2 NA NA 2 2 1 2 0 0 0 1 1 1 0 0 2 2 2 2 2 2 2 2 0 1 NA NA 
2 1 0 0 2 1 0 0 2 1 1 1 0 0 2 1 2 1 0 0 2 2 2 2 0 2 1 2 0 1 NA NA 
2 1 2 2 0 0 0 0 0 1 1 1 1 1 0 0 0 1 0 1 1 1 2 2 1 1 2 2 1 1 NA NA 
1 1 0 0 1 1 0 0 1 1 1 2 0 0 0 0 0 0 0 0 1 2 1 1 2 2 1 2 2 2 NA NA 
2 0 0 0 2 0 0 0 2 0 2 0 0 0 2 0 1 1 0 0 2 2 1 1 2 2 2 2 2 2 NA NA 
2 2 0 0 0 0 0 0 1 1 0 0 0 0 2 2 1 1 0 0 2 2 2 2 2 2 2 2 2 2 75 NA 
2 2 0 0 2 2 0 0 2 2 1 2 0 0 2 2 0 0 0 0 0 0 1 2 1 2 1 2 0 0 77 NA 
2 NA 0 0 NA 0 0 0 0 0 0 0 0 0 2 1 2 2 0 0 1 0 2 2 1 0 2 2 2 2 77 NA 
2 2 2 2 0 0 0 0 0 0 1 1 2 2 0 2 1 2 0 0 0 0 1 2 2 2 2 2 0 0 80 NA 
2 1 0 0 2 2 0 0 2 2 2 2 0 0 1 2 0 1 0 0 1 1 1 2 2 2 2 2 1 0 82 NA 
2 1 NA 2 0 0 2 2 0 0 2 2 2 2 0 0 2 2 0 0 0 0 1 2 0 0 0 1 0 0 85 NA 
2 2 0 0 2 2 1 0 1 0 1 1 0 0 0 0 1 2 0 0 0 0 1 2 1 2 2 2 0 0 85 NA 
2 2 2 2 2 2 0 2 0 0 0 0 0 0 0 0 0 1 0 0 0 0 1 2 0 1 1 2 1 1 85 NA 
2 2 0 0 1 0 0 0 0 0 0 0 0 0 1 2 0 0 0 0 2 2 1 2 2 2 1 1 0 1 86 NA 
2 2 0 0 1 0 0 0 2 2 2 2 0 0 0 0 1 1 0 0 2 2 1 2 1 2 2 2 1 1 87 NA 
2 2 2 2 0 0 2 2 0 1 2 2 1 1 1 1 2 2 1 1 1 2 1 1 0 1 2 2 1 2 90 NA 
2 2 0 0 2 0 0 0 1 0 1 0 0 0 2 2 1 1 0 0 2 2 2 2 0 0 2 2 1 2 91 NA 
0 0 0 0 0 0 0 0 2 1 0 0 0 0 1 1 1 1 0 0 2 2 2 2 0 0 2 2 2 2 91 NA 
2 1 2 1 0 0 0 0 0 0 2 1 2 1 0 1 2 2 2 1 1 2 2 1 0 0 2 2 0 0 93 NA 
2 2 0 0 1 1 0 0 1 0 2 2 0 0 1 1 0 0 0 0 0 0 0 0 1 1 1 2 0 0 93 NA 
2 1 0 0 1 2 0 0 0 0 0 0 0 0 0 0 1 0 0 0 2 2 2 2 1 1 2 2 0 0 94 NA 
0 1 0 0 2 0 0 0 2 1 1 0 0 0 1 1 1 0 0 0 2 2 1 2 2 2 2 2 2 2 94 NA 
1 2 0 0 2 0 0 0 2 0 1 0 0 0 0 0 1 2 0 0 0 0 1 2 2 2 2 2 0 0 96 NA 
2 2 0 0 2 1 0 0 2 2 2 1 0 0 1 2 0 0 0 0 2 2 1 2 1 2 1 2 1 2 96 NA 
0 0 0 0 0 0 0 0 0 0 0 0 0 0 1 0 0 0 0 0 1 0 2 2 1 1 2 2 1 1 96 NA 
NA 0 0 0 0 0 0 0 1 0 2 2 0 0 1 1 1 1 0 0 1 2 2 1 2 2 2 2 2 2 97 NA 
0 0 0 0 1 0 0 0 1 2 0 0 0 0 1 2 1 2 0 0 2 2 1 2 1 0 1 2 2 2 98 NA 
0 0 0 0 0 0 0 0 0 0 NA NA 0 0 1 0 2 2 0 0 2 1 2 2 2 2 2 2 2 2 99 NA 
2 2 0 0 0 0 1 0 NA 0 NA NA 0 0 0 0 2 1 0 0 0 0 2 2 0 0 2 1 1 1 99 NA 
2 2 1 2 0 0 2 0 0 1 0 1 1 1 1 2 1 2 1 1 0 2 0 1 0 1 2 1 0 0 100 NA 
1 2 0 0 1 1 NA 1 1 0 1 1 0 0 0 0 2 1 0 0 0 0 2 2 2 1 2 0 2 0 100 NA 
2 2 0 0 2 1 0 0 1 1 2 0 0 0 0 0 2 2 0 0 2 2 0 2 1 2 2 2 0 0 101 NA 
2 2 0 0 2 2 0 0 0 0 0 0 0 0 2 2 1 2 0 0 2 2 1 2 1 1 2 2 0 0 101 NA 
2 2 0 0 0 0 0 0 1 1 2 2 0 0 0 0 1 0 0 0 2 2 2 2 0 1 2 2 1 1 102 NA 
2 2 0 0 2 2 1 1 2 2 1 0 1 0 1 2 0 1 0 0 2 2 0 1 0 0 2 2 1 2 104 NA 
2 1 1 1 NA 1 NA 0 2 2 0 NA 0 0 2 2 1 1 0 0 2 2 1 2 0 2 1 2 0 NA 104 NA 
2 2 0 0 2 2 1 0 1 2 2 2 0 0 0 0 0 0 0 0 1 2 1 2 2 2 1 2 1 0 105 NA 
2 2 2 2 0 0 0 0 0 0 0 0 2 2 0 0 2 2 2 2 0 0 2 2 0 0 2 2 0 0 105 NA 
2 0 0 0 0 0 0 0 1 2 2 1 0 0 0 2 1 2 0 0 2 0 1 2 0 1 2 2 0 0 106 NA 
2 2 2 2 1 0 0 0 0 0 0 0 2 2 0 1 2 2 2 2 0 1 2 2 0 1 1 2 1 2 106 NA 
2 2 0 0 1 1 0 1 1 1 2 2 0 0 1 2 0 0 0 0 2 2 1 2 1 1 1 2 1 1 106 NA 
2 1 0 0 1 0 1 1 0 0 0 0 0 0 0 0 2 1 0 0 0 0 1 1 1 1 2 2 0 0 107 NA 
2 2 0 0 1 1 1 0 1 2 2 2 0 0 0 0 0 0 0 0 0 0 1 2 2 2 1 1 1 1 107 NA 
2 2 0 0 2 NA 0 0 0 0 NA NA 0 0 0 0 0 0 0 0 NA NA 2 2 0 0 2 2 0 0 107 NA 
2 1 2 1 0 0 0 0 0 0 2 1 1 0 1 0 1 2 1 0 0 0 2 1 0 1 0 2 0 0 108 NA 
2 2 0 1 2 2 1 1 2 2 2 2 1 2 1 2 0 1 0 1 2 2 0 2 0 1 1 2 0 1 111 NA 
2 2 0 0 2 NA 0 0 0 0 0 0 0 0 0 0 2 2 0 0 1 1 2 2 0 0 2 2 0 0 113 NA 
2 2 2 2 1 2 1 0 1 2 2 2 2 2 0 1 2 2 0 1 1 1 1 2 1 1 2 2 1 1 NA NA 
2 2 2 2 0 1 2 2 1 1 2 2 2 2 0 1 0 0 0 1 0 0 0 0 0 0 1 1 0 0 NA NA 
2 2 0 0 2 1 2 2 2 2 2 2 0 0 2 2 0 0 0 0 2 2 0 1 1 0 2 2 0 1 NA NA 
0 2 2 2 2 1 1 0 2 0 2 0 2 1 1 1 2 2 2 0 2 0 2 2 0 1 2 2 2 1 NA NA 
1 0 2 1 1 1 1 0 0 0 1 0 1 0 0 0 0 0 0 0 0 0 1 1 0 0 2 2 0 1 NA NA 
2 1 2 0 0 0 0 0 0 0 1 0 1 1 0 1 0 1 1 0 0 0 1 1 0 0 1 1 0 0 NA NA 
1 2 0 0 2 1 0 0 2 2 2 1 1 0 0 0 0 0 0 0 0 0 1 2 0 0 2 2 0 0 NA NA 
1 1 2 1 0 0 0 0 0 0 1 1 2 2 0 0 1 2 1 2 0 0 0 0 0 0 1 1 0 0 NA NA 
NA NA 0 0 0 0 0 NA 0 0 2 0 0 0 0 NA 2 2 0 0 1 0 2 0 0 0 2 2 0 0 NA NA 
1 0 0 1 0 0 0 0 0 0 2 1 2 2 1 2 1 1 2 1 0 0 1 1 0 0 1 1 0 1 NA NA 
2 1 2 2 0 0 0 0 0 0 0 0 2 2 0 1 2 2 1 2 0 0 2 2 0 1 0 2 0 0 NA NA 
0 2 2 2 0 0 0 0 0 0 1 0 2 2 1 1 2 2 1 1 0 0 1 1 0 0 1 1 0 1 NA NA 
2 1 2 2 0 0 0 0 0 0 1 1 2 2 0 0 0 0 1 2 0 0 0 2 0 0 0 1 0 0 NA NA 
2 0 0 0 0 0 0 0 0 0 1 0 1 0 0 0 1 1 1 0 1 1 2 1 0 1 2 1 0 0 NA NA 
2 2 0 0 1 0 0 0 2 2 2 1 0 1 0 1 1 1 1 1 0 0 2 2 1 2 1 2 0 1 NA NA 
2 0 0 0 0 0 1 0 2 2 2 2 0 0 0 0 0 0 0 0 0 0 0 0 0 0 1 0 0 0 NA NA 
2 2 0 0 0 0 2 2 0 0 0 0 2 2 1 0 2 1 0 0 1 0 2 2 2 0 2 2 0 0 NA NA 
2 0 2 0 0 0 0 0 0 0 2 0 2 0 0 0 2 2 2 0 0 0 2 2 0 2 2 2 0 0 NA NA 
2 1 0 0 1 0 0 0 2 2 2 1 0 0 2 2 1 1 0 0 2 0 1 2 2 2 2 2 2 2 NA NA 
1 2 0 0 2 2 1 1 2 2 2 2 0 0 1 1 2 2 0 1 2 2 1 2 1 2 2 2 1 1 NA NA 
2 2 0 0 1 1 0 0 1 0 2 1 0 0 1 0 2 2 0 0 2 2 1 2 2 2 2 2 0 0 NA NA 
NA 0 1 0 0 0 NA 0 1 0 0 0 2 0 0 0 2 0 0 0 2 0 1 0 1 0 2 1 2 1 NA NA 
1 0 0 NA 0 0 1 0 0 0 0 0 1 1 0 0 1 2 2 1 0 0 2 2 0 0 1 2 0 0 NA NA 
2 2 0 0 2 2 0 0 2 2 2 2 0 0 0 1 2 1 0 0 2 2 1 2 1 2 1 2 0 1 NA NA 
2 2 0 0 1 1 NA NA 2 1 2 2 0 0 2 2 2 1 0 0 2 2 1 1 1 0 2 2 2 2 78 NA 
2 0 0 0 0 0 0 0 0 0 0 0 0 0 1 0 0 0 0 0 0 0 0 1 0 1 0 1 0 0 79 NA 
1 0 1 1 0 0 0 0 0 0 0 1 2 2 1 2 2 2 2 2 0 0 2 2 0 0 2 2 0 0 80 NA 
2 2 0 0 0 0 0 0 2 2 2 2 0 0 2 2 2 2 0 0 0 0 1 2 0 1 1 2 0 0 81 NA 
2 2 0 0 1 0 0 0 2 2 2 2 0 0 1 1 0 0 0 0 2 2 1 2 2 2 2 2 1 1 84 NA 
2 2 0 0 2 0 2 0 2 2 2 2 0 0 0 0 2 2 0 0 2 2 2 2 2 2 2 2 2 2 86 NA 
1 0 0 0 0 0 1 1 1 1 0 0 2 1 2 2 2 2 2 2 1 2 2 2 1 2 2 2 1 2 89 1 
NA 0 0 0 NA 0 0 0 0 0 0 NA NA NA 0 0 0 0 0 1 2 2 0 0 0 2 2 2 2 NA 91 NA 
2 0 1 0 0 0 0 0 0 0 0 0 2 1 0 0 0 0 0 0 0 0 0 0 2 2 0 2 0 0 93 NA 
2 2 1 0 1 1 1 1 1 1 1 0 2 1 0 0 2 1 2 1 0 2 2 2 1 2 2 2 1 1 93 NA 
2 1 0 0 0 0 0 0 0 0 0 NA 1 0 0 0 2 2 0 0 1 2 2 2 2 2 2 2 0 0 94 NA 
2 2 1 1 0 0 0 0 0 1 2 1 0 0 0 0 2 2 0 0 0 0 2 2 2 2 2 2 0 2 96 NA 
2 1 2 1 0 0 1 1 0 0 0 1 2 2 0 2 1 1 2 2 0 0 1 2 0 0 2 2 0 0 100 NA 
2 2 0 0 0 0 0 0 1 2 2 2 0 0 1 1 2 2 0 0 0 0 2 2 1 1 2 1 NA 2 100 NA 
2 2 0 0 2 2 0 0 2 2 2 2 0 0 2 2 1 1 0 0 2 2 1 2 0 0 2 2 0 0 101 NA 
2 1 0 0 2 0 0 0 1 1 1 0 0 0 1 1 2 2 0 0 2 2 1 1 0 2 2 2 1 2 103 NA 
2 1 0 0 1 1 0 0 2 2 2 2 0 0 2 2 2 2 0 0 2 2 2 2 2 2 2 2 0 1 104 NA 
1 0 0 0 0 0 1 NA 0 0 0 0 0 0 0 0 1 1 0 0 0 0 2 2 0 0 2 1 0 0 104 NA 
2 2 1 0 0 0 0 0 0 1 2 2 2 0 0 2 0 1 1 0 0 0 1 2 1 1 1 2 0 0 104 NA 
2 2 0 1 0 0 1 2 0 1 2 2 0 1 0 0 0 0 0 0 0 0 1 2 1 2 2 2 0 0 105 NA 
1 1 0 0 1 1 0 0 2 1 2 1 0 0 2 2 1 1 0 0 2 2 2 2 1 2 2 2 1 2 106 NA 
0 0 2 2 0 0 NA NA 0 0 0 0 2 2 2 2 2 2 2 2 1 2 2 2 0 0 2 2 2 2 108 1 
2 0 0 0 1 0 0 0 1 0 1 0 0 0 0 0 2 0 0 0 0 0 0 0 2 2 2 2 0 0 110 NA 
NA 0 0 0 0 0 0 0 0 1 0 0 0 0 1 0 2 1 0 0 2 1 1 1 1 2 2 2 2 2 111 NA 
1 1 1 1 0 0 NA NA 0 0 0 0 2 0 0 0 0 0 0 0 2 2 2 2 0 0 2 2 0 0 112 NA 
2 2 NA 1 0 0 NA NA 2 2 1 2 1 0 0 0 2 2 0 0 1 0 2 2 1 2 2 2 2 2 112 NA 
1 1 1 1 0 0 0 0 0 1 0 1 2 1 0 2 1 2 2 1 0 1 2 1 0 1 2 2 0 1 115 NA 
2 0 0 0 0 0 0 0 0 0 0 0 2 0 0 0 1 0 0 0 0 0 2 2 0 0 1 1 0 0 119 NA 
NA 2 0 0 NA NA NA NA 2 NA NA NA 0 0 NA 2 NA 2 0 0 2 2 1 2 2 2 2 1 NA 2 120 NA 
2 2 NA NA 0 0 2 2 0 0 0 0 1 1 0 0 0 1 0 0 1 2 2 2 1 0 1 1 0 0 120 1 
2 2 0 0 2 NA 1 0 0 0 2 1 0 0 0 0 2 2 0 0 0 0 2 2 1 0 2 2 0 0 126 NA 
1 1 0 0 1 0 0 0 1 1 1 2 0 0 1 0 1 1 0 0 2 1 2 2 1 2 1 1 1 2 NA NA 
2 1 2 2 2 1 0 0 0 0 0 0 2 2 0 0 2 1 0 0 2 1 2 1 0 0 2 2 0 0 NA NA 
0 0 2 2 0 0 0 0 1 0 0 0 1 1 0 0 0 0 1 2 0 0 0 0 0 0 0 0 0 0 NA NA 
2 2 0 0 1 1 2 2 0 1 2 0 0 0 1 2 1 2 0 0 2 2 2 2 0 1 2 2 1 2 NA NA 
2 1 0 0 2 0 1 0 1 2 2 1 0 0 0 1 2 1 0 0 0 0 0 1 0 1 2 2 0 0 NA NA 
1 0 2 2 0 0 0 0 0 0 0 0 1 1 0 0 1 1 2 1 0 1 1 1 1 1 2 2 0 0 NA NA 
2 1 0 0 2 1 1 2 2 1 0 0 0 0 0 0 2 2 0 0 1 0 1 2 0 1 2 2 0 1 NA NA 
0 0 0 0 1 1 0 0 0 0 1 0 0 0 0 0 0 0 0 0 0 0 0 1 1 1 1 1 0 0 NA NA 
2 1 1 0 0 0 0 0 1 2 1 0 2 1 1 0 2 1 2 0 1 1 2 0 1 2 2 2 1 2 NA NA 
1 1 0 0 2 1 0 0 2 0 2 0 0 0 0 0 0 0 0 0 0 0 1 0 0 0 1 0 0 0 NA NA 
2 2 0 0 0 0 0 1 2 1 0 0 0 0 0 1 1 0 0 0 2 1 2 2 2 0 2 1 0 2 NA NA 
1 1 0 0 1 0 0 0 2 1 0 0 0 0 1 1 1 2 0 0 1 1 2 0 0 0 2 2 1 1 NA NA 
1 0 2 2 0 0 0 0 0 0 0 0 1 1 0 0 1 1 2 2 0 0 2 1 0 0 1 0 0 0 NA NA 
1 2 2 1 0 0 0 0 0 0 0 0 1 2 0 0 0 0 0 0 0 0 1 2 0 0 0 1 0 0 NA NA 
2 1 0 0 1 1 0 0 1 1 2 0 0 0 1 0 0 0 0 0 2 1 0 0 1 1 1 1 2 2 NA NA 
0 0 1 0 0 0 2 0 0 0 0 0 1 0 0 0 1 1 0 0 0 1 0 0 1 2 1 1 1 0 NA 2 
1 1 0 0 0 0 2 2 0 1 0 0 2 0 0 1 1 2 0 0 0 1 0 1 1 1 1 2 0 1 NA NA 
2 2 1 0 0 0 0 0 NA 1 1 1 2 0 0 1 1 0 1 0 0 0 2 1 1 1 2 2 0 0 NA NA 
0 0 0 0 0 0 0 0 0 0 0 0 1 1 0 0 0 0 1 0 0 0 1 2 0 1 0 1 0 0 NA NA 
2 1 1 1 0 0 0 0 0 0 1 1 1 1 0 1 2 1 0 1 2 2 1 0 2 2 1 2 2 2 NA NA 
2 2 1 2 0 0 0 0 0 0 1 2 1 1 0 0 2 2 1 1 0 0 2 1 1 0 2 1 0 0 NA NA 
1 0 0 0 1 1 0 0 1 0 1 0 0 0 1 0 1 0 0 0 2 1 2 1 0 1 2 1 1 1 NA NA 
2 2 0 0 1 2 0 0 1 0 0 1 0 1 0 0 0 0 0 0 2 2 1 2 0 0 1 1 0 0 NA NA 
2 2 0 0 1 1 0 1 0 1 2 2 0 0 0 0 0 1 0 0 0 0 1 1 1 0 2 2 0 1 NA NA 
NA 0 0 0 1 1 0 0 2 1 1 0 0 0 0 1 2 0 0 0 0 1 2 1 2 1 2 0 0 0 NA NA 
2 1 0 0 0 0 0 0 0 0 2 0 0 0 1 2 2 2 0 0 0 0 2 1 2 2 2 2 0 0 NA NA 
0 1 2 1 1 0 1 1 0 0 1 0 1 0 0 0 0 NA 1 0 0 0 1 0 0 0 2 0 0 0 NA NA 
1 1 2 2 0 0 0 1 0 0 0 1 2 2 0 0 0 2 0 2 0 0 1 1 0 1 2 2 2 2 63 NA 
2 2 2 2 0 0 2 1 0 0 0 0 2 1 1 0 2 2 2 1 0 0 2 1 0 0 2 1 0 0 66 NA 
2 1 0 0 0 0 0 0 0 0 0 0 0 0 0 0 2 2 0 0 0 0 2 2 2 2 2 2 0 0 83 NA 
2 2 1 0 0 1 1 1 0 0 0 1 1 1 NA NA 2 2 2 0 0 1 1 2 0 1 1 2 0 2 84 NA 
0 2 0 0 0 0 2 2 0 0 0 0 1 1 0 0 0 0 0 0 0 2 1 2 1 1 0 1 0 1 84 NA 
2 2 2 2 0 1 2 2 0 1 1 2 2 1 0 2 0 1 1 1 0 2 1 2 0 1 1 2 1 1 84 1 
2 2 2 2 0 0 0 0 0 0 0 0 2 2 0 1 1 1 2 2 0 0 1 2 0 1 1 2 0 0 86 NA 
2 2 0 0 0 0 1 2 0 0 1 1 0 0 0 0 2 1 0 0 1 1 1 2 1 2 2 2 0 1 88 NA 
2 2 0 0 2 0 0 1 2 2 1 2 0 0 1 1 1 1 0 0 2 2 1 2 2 2 2 2 2 2 88 NA 
2 NA 1 0 0 0 0 0 0 0 0 0 0 0 0 0 1 2 0 0 0 2 2 2 0 1 1 2 1 1 89 2 
2 2 0 0 2 1 1 0 1 0 1 1 0 0 1 1 2 2 0 0 1 1 1 2 2 2 2 2 1 0 90 NA 
2 2 0 0 1 2 2 2 2 1 2 2 0 0 0 0 0 2 0 0 1 1 1 2 2 2 1 2 2 2 94 NA 
2 2 0 0 0 0 2 2 0 1 1 0 2 1 0 1 0 0 0 0 0 0 0 0 1 2 2 2 0 0 94 NA 
1 0 0 0 0 0 0 0 0 0 1 0 0 0 1 0 1 0 0 0 0 1 2 2 1 2 2 2 1 1 95 NA 
0 0 2 1 0 0 0 0 0 0 0 0 1 0 1 1 1 0 0 0 2 1 2 1 1 1 2 2 0 1 96 NA 
1 1 0 0 0 0 0 0 0 1 0 0 0 0 0 0 0 0 0 0 0 0 2 0 1 2 2 2 0 1 97 NA 
2 2 2 2 0 0 2 2 0 0 0 0 1 2 0 0 1 2 1 1 0 0 1 2 1 1 2 2 0 1 97 1 
2 2 0 0 0 0 1 1 0 1 1 0 1 0 0 0 2 2 1 1 0 0 2 2 2 2 2 2 2 0 98 NA 
2 2 0 1 0 0 1 0 2 1 1 0 0 0 0 0 1 2 0 0 2 2 1 1 2 2 2 2 0 1 99 NA 
2 1 0 0 0 0 2 1 0 0 0 0 2 1 0 0 2 2 2 1 1 1 2 2 1 0 0 2 0 0 99 1 
2 2 0 0 0 NA 0 0 0 0 1 0 0 0 0 0 0 0 0 0 2 2 2 2 2 2 2 2 0 1 99 NA 
2 2 0 0 1 0 0 0 2 1 2 1 0 0 0 1 1 1 0 0 1 1 1 2 2 2 2 2 1 2 99 NA 
2 2 0 0 0 0 0 0 1 0 2 2 0 0 0 0 0 0 0 0 1 2 1 2 1 1 2 2 1 1 100 NA 
2 1 0 0 0 1 2 2 0 0 0 0 0 0 0 0 1 1 0 0 0 1 1 1 0 0 2 2 0 2 101 NA 
2 2 0 0 1 1 2 2 0 1 2 0 0 0 1 2 1 2 0 0 2 2 2 2 0 1 2 2 1 2 102 NA 
2 2 0 0 0 0 1 1 0 0 0 0 1 1 0 0 2 1 0 0 0 0 1 2 1 2 2 1 0 0 102 NA 
2 2 1 0 2 1 0 0 1 0 2 1 1 1 0 0 1 1 0 0 2 2 2 2 1 2 2 2 2 2 106 NA 
2 1 0 0 2 2 2 2 2 1 1 0 0 0 2 2 0 0 0 0 2 2 1 2 1 2 0 2 2 2 106 NA 
1 1 0 0 0 0 0 0 0 1 0 0 0 0 0 0 0 1 0 0 0 2 1 1 2 2 2 2 0 1 108 NA 
2 2 0 0 1 0 0 2 0 0 2 1 0 0 0 0 1 1 0 0 2 2 2 2 2 2 2 2 2 2 109 NA 
2 1 0 0 0 0 1 1 0 0 1 1 0 0 0 0 1 1 0 0 0 1 2 1 1 1 2 2 0 1 111 NA 
2 2 NA 0 0 0 2 2 0 0 0 0 0 0 2 2 2 2 0 0 2 1 2 1 0 0 2 2 1 1 112 NA 
2 2 1 0 0 0 2 2 0 1 0 0 2 2 0 1 0 1 1 0 0 0 1 2 0 0 2 1 0 0 112 1 
2 1 0 1 0 0 2 1 0 1 0 0 2 1 0 0 0 0 0 0 0 0 1 0 1 1 2 2 0 1 115 NA 
2 2 0 0 0 0 2 1 0 1 0 0 2 2 0 1 1 2 1 1 0 2 2 2 0 2 1 2 0 2 116 NA 
2 2 2 2 0 0 0 0 0 0 1 2 2 2 1 0 1 0 2 2 1 1 2 1 0 1 2 1 0 0 123 NA 
2 1 0 0 0 0 1 1 0 0 0 0 0 0 0 1 2 2 0 0 0 0 2 2 1 2 2 2 0 1 123 NA 
2 1 0 0 0 0 0 0 NA 0 0 0 0 2 1 0 2 1 0 0 2 2 2 1 2 1 2 1 2 2 98 NA 
2 2 0 0 0 0 0 0 0 0 0 0 0 0 0 0 0 0 0 0 2 1 2 2 0 2 1 1 1 2 NA NA 
0 0 0 0 2 1 0 0 1 0 0 0 0 0 0 0 0 0 0 0 1 1 1 2 2 2 2 2 0 0 NA NA 
2 2 0 0 2 2 0 0 2 2 0 0 0 0 2 1 2 2 0 0 2 1 1 2 1 2 1 2 0 1 NA NA 
0 0 2 2 0 0 0 1 0 0 0 0 1 0 1 2 2 2 0 0 0 0 2 2 1 1 1 1 0 2 NA NA 
1 2 2 2 1 0 2 2 1 1 1 1 1 1 0 0 0 0 1 0 0 0 0 1 0 1 1 1 0 2 NA NA 
1 1 2 2 0 0 1 1 0 1 0 1 2 1 0 0 2 1 1 2 0 0 1 2 0 1 2 2 0 1 NA 1 
1 NA 0 0 0 0 2 1 0 0 0 0 2 NA 0 0 0 0 0 0 0 0 1 1 0 0 1 0 0 0 NA NA 
1 0 0 0 0 0 0 0 0 0 2 1 0 0 0 0 1 0 0 0 1 1 2 2 2 2 2 2 0 1 NA NA 
2 2 0 0 2 1 0 0 2 2 1 0 0 0 1 0 0 0 0 0 2 2 2 2 2 2 2 1 1 NA NA NA 
1 2 2 1 0 0 1 2 0 1 0 1 2 2 0 1 0 0 2 1 0 1 2 2 1 2 0 1 0 1 NA NA 
1 1 0 0 0 0 1 0 0 0 0 0 1 1 0 0 1 1 0 0 1 1 1 1 0 1 2 1 0 0 78 1 
2 1 0 0 2 2 0 NA 1 1 0 0 0 0 0 0 1 1 0 0 2 2 1 1 1 2 2 2 1 0 80 NA 
2 0 0 0 0 0 1 0 0 0 0 0 1 0 0 1 2 1 0 0 2 1 1 2 1 1 2 2 1 0 80 NA 
0 0 0 0 0 0 0 0 0 0 0 0 0 0 0 0 1 1 0 0 0 0 1 2 2 2 2 1 0 1 80 NA 
2 2 0 0 0 0 2 NA 0 0 0 1 0 1 0 0 NA NA 0 0 0 0 2 NA NA NA NA NA NA NA 81 NA 
1 2 0 0 0 0 2 2 0 0 0 0 1 NA 0 0 1 1 1 1 0 0 1 0 0 1 1 1 0 0 85 NA 
0 0 0 0 0 0 1 0 0 1 0 0 1 0 1 0 1 1 0 0 1 2 2 2 2 2 2 2 0 1 86 NA 
1 1 1 1 0 0 2 1 0 0 0 0 1 1 0 0 1 1 1 0 0 0 2 2 0 0 1 1 0 0 87 1 
2 2 2 1 NA NA 2 2 NA NA 0 0 1 1 NA 0 2 2 0 0 1 2 2 2 1 1 2 2 0 0 89 NA 
1 1 0 0 0 0 2 1 0 0 0 0 2 1 1 1 1 2 2 1 1 1 1 1 1 1 1 1 1 1 90 NA 
2 2 0 0 1 1 1 1 0 0 1 0 0 0 0 0 2 2 0 0 1 1 1 2 2 2 1 2 0 1 91 NA 
2 1 0 0 0 0 1 0 1 1 0 0 2 0 0 0 2 1 0 0 0 0 2 2 1 2 1 1 1 1 95 NA 
2 2 0 0 0 1 NA 0 0 0 1 0 NA 0 0 1 2 1 0 0 1 1 1 1 2 2 1 2 0 0 96 NA 
1 2 2 2 0 0 0 0 0 0 0 1 2 2 0 1 1 1 2 2 0 0 1 2 0 1 1 1 0 0 97 NA 
2 2 0 0 0 0 0 0 NA 0 1 0 0 0 0 1 0 1 0 0 2 NA 1 1 1 1 2 2 1 0 97 NA 
2 1 0 0 1 0 0 0 0 0 1 0 0 0 0 0 2 2 0 0 0 0 1 1 1 2 2 2 0 1 98 NA 
2 0 0 0 0 0 2 1 0 1 0 0 2 0 1 0 1 1 1 0 1 2 2 2 1 1 2 2 1 1 99 NA 
2 1 0 0 2 1 0 0 0 0 0 0 0 0 0 0 1 2 0 0 1 1 1 2 2 2 2 2 0 1 100 NA 
0 0 1 1 0 0 0 0 0 0 0 0 2 1 1 0 1 1 1 1 1 1 1 2 0 1 2 2 0 0 100 NA 
2 1 1 0 1 NA 0 0 1 0 1 1 1 0 0 0 1 1 0 0 2 2 1 1 2 2 2 1 0 1 100 NA 
2 2 0 0 0 0 2 2 1 1 0 0 0 0 0 1 2 2 0 0 0 1 2 2 1 2 2 2 0 1 103 NA 
0 1 0 0 1 0 0 0 0 0 0 0 0 0 0 0 0 0 0 0 1 1 2 1 2 2 2 1 1 NA 108 NA 
1 0 0 0 0 0 1 0 0 0 0 0 1 0 0 0 2 2 1 0 0 1 1 1 0 1 2 2 0 1 108 NA 
2 2 0 0 0 0 0 0 0 0 0 0 0 0 0 0 2 2 0 0 2 1 1 1 2 2 2 2 0 1 112 NA 
2 2 0 0 0 0 1 2 0 0 0 0 2 1 0 0 1 1 1 0 0 1 2 2 0 2 1 2 0 1 114 NA 
2 2 0 0 0 0 0 0 2 2 2 2 0 0 1 1 0 0 0 0 1 1 2 2 2 2 2 2 0 0 119 NA 
2 2 0 0 0 0 2 2 0 0 0 0 2 1 0 0 1 1 0 0 1 1 2 1 0 0 1 1 0 0 120 NA 
0 0 0 0 0 0 2 2 0 0 0 0 2 0 0 0 2 2 0 0 1 1 2 1 0 0 2 2 0 0 123 NA 
2 2 0 0 1 0 0 0 0 0 2 1 0 0 0 0 0 0 0 0 2 1 2 2 2 2 2 2 2 0 87 NA 
2 1 0 0 1 1 0 0 1 1 1 0 1 0 0 1 1 1 0 0 2 2 1 2 1 2 2 2 1 2 88 NA 
1 2 0 0 0 1 1 1 1 0 0 2 2 1 1 0 0 2 2 2 2 2 2 2 2 2 2 NA NA NA 88 NA 
2 1 0 0 1 0 0 0 2 2 1 0 0 0 0 0 1 1 0 0 1 2 1 2 2 2 2 2 1 2 91 NA 
2 2 0 0 1 0 0 0 1 0 2 1 0 0 1 0 1 1 0 0 2 1 2 2 2 2 2 2 0 0 94 NA 
2 2 1 0 1 1 1 0 0 0 2 2 1 0 2 NA 0 0 0 0 2 0 1 2 0 0 2 1 1 0 109 NA 
2 2 0 0 1 1 0 0 1 1 2 2 0 0 2 2 0 0 0 0 1 0 1 2 1 1 1 1 0 0 109 NA 
2 2 0 0 1 0 0 0 1 1 1 2 0 0 0 0 1 0 0 0 1 2 1 2 2 2 1 2 2 2 111 NA 
2 2 0 0 0 0 0 0 0 0 0 0 0 0 2 0 0 0 0 0 2 2 2 2 2 2 2 2 2 0 113 NA 
2 2 0 0 1 0 0 0 2 2 2 2 0 0 1 0 1 1 0 0 1 1 2 2 1 1 2 2 1 0 NA NA 
2 2 0 0 2 2 2 2 1 1 2 2 0 0 0 0 0 0 0 0 2 2 2 2 0 0 2 2 0 0 NA NA 
1 1 0 0 1 1 1 1 1 1 2 2 1 1 0 0 1 2 0 0 1 2 2 2 2 2 2 2 2 2 NA NA 
2 2 0 0 2 2 0 1 0 0 0 0 0 0 0 0 2 2 0 0 1 1 2 2 0 1 2 2 1 0 NA NA 
2 2 2 2 2 2 2 2 1 0 2 2 0 2 0 0 2 2 0 0 2 2 2 2 2 2 2 2 1 1 111 NA 
2 2 0 0 0 0 1 1 0 0 2 2 2 2 0 0 0 0 0 0 0 0 1 1 0 0 1 1 0 0 120 NA 
0 1 0 0 1 1 0 0 0 1 1 2 0 0 2 2 0 0 0 0 2 2 0 2 0 2 1 2 2 2 86 NA 
2 2 0 1 1 0 0 0 1 1 2 1 NA NA 2 2 1 2 0 0 0 2 2 2 0 2 2 2 2 2 87 NA 
0 0 1 1 0 0 0 0 0 0 0 0 2 NA 0 0 2 2 2 0 0 2 1 2 0 2 2 2 0 0 87 NA 
2 2 0 0 2 2 0 0 2 2 1 0 0 0 2 2 0 0 0 0 2 2 0 2 0 2 1 1 0 0 90 NA 
2 1 0 0 0 0 0 0 1 1 NA 0 0 0 0 0 2 2 0 0 1 1 2 0 2 2 1 2 0 0 90 NA 
2 2 0 0 1 0 0 0 2 2 2 2 0 0 2 2 0 1 0 0 0 0 1 2 2 2 1 2 1 1 93 NA 
0 0 0 0 1 0 0 0 2 2 0 0 0 0 0 1 0 0 0 0 2 2 1 2 1 1 1 2 1 2 93 NA 
2 2 2 1 0 0 0 0 1 1 0 0 2 0 0 1 2 0 1 0 2 2 1 0 1 1 1 1 0 0 99 NA 
2 1 2 0 0 0 2 2 0 2 0 0 2 0 0 0 0 0 0 0 0 2 2 2 0 2 0 2 0 2 99 NA 
0 0 0 0 0 0 2 2 0 0 0 0 2 2 0 1 1 1 1 2 2 2 2 2 0 1 0 0 0 0 113 NA 
0 0 2 2 0 0 1 0 0 0 0 0 2 2 0 0 1 0 2 2 0 0 2 2 0 0 0 0 0 1 135 NA 
1 1 1 1 1 1 1 0 1 0 0 0 2 1 0 1 2 2 1 1 2 1 2 2 0 0 2 2 0 0 NA NA 
2 2 0 0 0 0 0 0 1 0 1 0 0 0 2 0 0 0 0 0 2 1 0 0 2 2 2 2 2 2 NA NA 
2 2 1 1 2 2 1 1 2 2 2 2 1 1 0 1 2 2 0 0 2 2 2 2 2 2 2 2 1 1 NA NA 
2 2 0 0 2 2 1 1 2 1 0 0 0 0 0 1 2 2 0 0 2 2 2 2 0 1 2 2 0 2 NA NA 
2 1 0 0 2 1 0 0 1 2 2 2 0 0 0 1 1 1 0 0 2 2 1 2 1 1 2 2 1 2 NA NA 
1 0 0 0 2 0 0 0 0 0 0 0 0 0 0 0 1 2 0 0 2 2 1 2 1 2 1 2 1 2 NA NA 
2 2 0 0 1 1 1 1 2 2 2 2 0 0 0 1 0 0 0 0 1 1 1 2 1 2 2 2 0 0 NA NA 
2 1 0 0 1 0 1 0 1 1 2 0 0 0 0 0 0 0 0 0 2 2 2 1 0 0 2 1 1 0 NA NA 
2 1 0 0 1 0 0 0 1 1 2 1 0 0 2 1 2 1 0 0 2 1 1 1 2 1 2 2 2 2 NA NA 
2 2 1 1 2 2 0 0 0 0 2 2 1 2 0 0 2 2 1 1 0 0 2 2 0 1 1 1 0 0 NA NA 
1 1 0 0 1 0 1 0 2 2 2 2 0 0 1 1 0 0 0 0 0 1 1 0 2 1 1 1 0 0 NA NA 
1 1 0 0 2 0 0 0 1 1 1 1 0 1 1 2 0 0 1 1 1 1 2 2 2 2 2 2 2 2 79 NA 
2 0 0 0 1 0 0 0 1 0 1 0 0 0 0 0 0 0 0 0 2 2 1 1 2 2 1 2 2 2 79 NA 
2 2 0 0 1 2 0 0 1 2 2 2 0 0 1 2 1 2 0 0 1 1 0 NA 0 2 2 2 0 1 82 NA 
2 2 0 0 0 0 0 0 0 0 2 2 0 0 1 1 0 1 0 0 0 0 0 0 1 2 1 2 0 0 84 NA 
2 2 0 0 0 0 1 0 1 0 1 1 0 0 0 1 2 2 0 0 2 1 1 1 2 2 2 2 0 1 85 NA 
2 2 0 0 1 0 1 0 1 1 1 1 0 0 0 1 1 1 0 0 0 1 1 1 1 1 1 2 0 1 85 NA 
0 0 1 2 0 0 0 0 0 0 1 1 1 1 0 1 1 1 0 1 2 1 1 2 0 1 0 2 0 0 85 NA 
2 2 0 0 0 0 NA NA 0 0 NA 1 1 NA 0 0 1 1 0 0 0 0 0 1 0 0 1 1 0 0 88 NA 
1 0 0 0 1 0 0 0 0 0 2 0 0 0 0 1 1 1 0 0 0 1 2 2 0 0 2 1 1 1 89 NA 
0 2 0 0 2 1 0 0 2 1 1 0 0 0 0 2 2 2 0 0 2 2 2 2 0 1 1 2 1 1 93 NA 
0 0 0 0 0 0 0 0 0 1 0 0 0 0 0 1 0 0 0 0 1 2 NA NA 1 1 2 2 1 2 94 2 
2 2 1 0 NA 0 0 0 0 1 2 0 0 0 1 0 1 NA 0 0 0 0 0 0 2 2 2 2 0 0 95 NA 
1 2 2 2 1 1 0 0 0 2 0 1 2 1 0 2 1 1 1 1 1 2 1 2 0 2 1 2 0 2 95 1 
2 2 0 0 2 0 2 2 1 1 2 1 0 0 0 1 2 2 0 0 0 0 1 1 NA NA NA NA NA NA 108 NA 
2 1 0 0 0 0 0 0 0 0 1 1 0 0 0 0 2 2 0 0 0 0 2 2 0 0 2 1 0 0 119 NA 
2 1 0 0 0 0 2 2 1 0 0 0 0 0 0 0 1 1 0 0 0 1 1 1 2 1 1 2 0 0 NA NA 
2 2 0 0 0 0 0 0 0 0 1 0 0 1 1 2 2 2 0 0 1 2 1 0 1 1 2 2 0 1 NA NA 
2 1 2 1 0 0 2 0 1 0 0 1 2 1 0 1 0 1 0 0 0 0 0 0 1 1 1 1 0 1 NA NA 
2 2 0 0 0 1 0 0 0 0 2 NA 0 0 0 NA NA 2 0 0 0 0 0 0 2 2 2 2 0 0 NA NA 
2 2 0 0 1 0 0 0 1 0 2 0 0 0 0 0 0 0 0 0 0 0 0 1 1 1 2 1 0 0 NA NA 
1 1 2 2 0 0 0 0 0 0 0 0 0 0 0 0 0 0 0 0 0 0 1 2 0 0 1 2 0 0 NA NA 
0 0 0 1 0 0 1 1 0 0 0 1 1 1 0 0 2 2 2 1 0 0 0 2 0 0 1 1 0 0 NA NA 
2 2 0 0 0 0 2 2 0 NA 0 1 1 0 0 2 1 1 1 0 0 0 2 2 1 2 0 2 0 1 80 NA 
1 2 0 0 0 0 0 0 0 1 0 0 0 0 1 1 0 1 0 0 2 1 1 1 1 1 1 2 0 2 80 NA 
2 1 1 1 0 0 0 0 0 0 0 0 1 0 1 1 1 1 0 0 0 0 2 1 0 0 2 1 1 0 80 NA 
2 2 0 0 2 1 0 0 1 1 2 0 0 0 0 1 0 1 0 0 0 0 1 1 1 1 1 1 0 2 81 NA 
2 2 0 0 2 2 1 1 1 2 0 0 0 0 0 2 1 2 0 0 0 2 2 2 2 2 2 2 1 2 83 NA 
0 0 0 0 0 0 1 0 0 0 0 0 0 0 0 1 1 1 0 1 0 0 1 1 1 1 1 1 0 0 83 NA 
1 1 0 0 0 0 1 1 0 0 0 0 0 NA 0 NA 2 2 0 0 0 0 0 2 0 1 0 2 0 1 84 NA 
1 1 2 2 0 0 0 2 0 0 1 1 1 1 0 1 1 2 1 1 0 0 1 2 0 1 1 2 0 1 84 NA 
2 1 0 0 1 0 0 0 0 1 0 0 0 0 0 1 0 1 0 0 0 1 0 1 0 1 1 1 0 1 85 NA 
1 0 0 0 0 0 2 0 0 0 0 0 1 1 0 0 2 1 0 0 0 1 2 1 1 1 2 2 0 0 85 NA 
2 2 0 0 0 0 0 0 0 0 2 1 0 0 0 0 0 1 0 0 2 1 1 1 2 2 1 2 0 1 86 NA 
1 0 0 0 0 0 1 0 0 0 0 0 2 0 0 0 2 2 1 0 0 1 2 1 2 1 1 2 0 1 86 NA 
0 1 0 0 0 0 2 1 0 0 0 0 0 1 0 1 0 1 0 1 1 1 1 1 2 2 2 2 2 1 90 NA 
0 2 1 0 0 0 2 0 0 0 0 0 2 2 0 0 1 1 1 1 0 1 1 2 0 1 1 2 0 1 93 1 
0 0 2 NA 0 0 0 0 0 1 0 0 0 0 0 2 2 2 0 0 2 1 2 2 2 2 2 2 1 2 95 NA 
2 2 0 0 0 0 0 0 0 1 0 1 0 0 0 1 1 1 0 0 1 2 2 2 0 1 1 2 0 2 95 NA 
1 1 2 2 0 0 0 0 0 1 0 0 1 1 0 0 0 0 0 0 0 1 1 1 0 0 0 1 0 0 97 NA 
0 0 2 2 0 0 0 1 0 0 0 0 1 0 0 1 2 2 1 2 0 1 2 2 0 1 0 2 0 0 97 NA 
2 2 1 0 0 0 0 0 0 0 0 0 0 0 1 1 1 2 0 1 1 1 2 2 1 2 2 2 0 1 98 NA 
0 0 2 2 0 0 1 0 0 0 0 0 2 0 0 0 1 2 1 0 1 1 2 2 0 1 1 2 0 2 98 NA 
1 0 0 0 0 0 2 0 0 0 1 0 1 0 0 0 1 1 0 NA 1 1 1 0 1 0 1 0 0 2 99 NA 
2 2 0 0 0 0 1 0 0 0 0 0 0 0 2 1 2 0 0 0 2 1 2 2 0 2 2 2 0 1 100 NA 
0 1 1 0 0 0 0 0 0 0 0 0 2 2 0 0 1 2 0 0 0 0 2 2 0 0 2 2 0 0 100 NA 
0 1 2 2 0 0 NA 1 0 1 0 1 1 1 0 2 0 2 0 1 0 2 1 2 0 1 1 2 0 2 101 NA 
2 2 2 2 0 0 0 2 0 0 0 0 1 1 0 1 1 1 0 1 1 1 1 1 0 1 1 1 0 1 104 NA 
2 2 0 0 2 2 0 1 1 1 0 2 0 0 0 1 0 NA 0 0 0 1 1 2 1 1 1 2 1 2 105 NA 
2 1 0 0 2 2 0 0 2 2 0 0 0 0 2 2 1 2 0 0 1 2 2 2 1 2 2 2 2 2 106 NA 
2 0 0 0 1 1 2 2 0 0 2 0 0 0 0 0 0 0 0 0 1 1 1 1 0 0 1 2 0 0 107 NA 
0 0 0 0 0 0 1 0 0 0 0 0 0 1 0 0 1 0 1 1 0 0 1 0 0 1 1 1 0 1 107 NA 
0 1 2 2 0 1 0 1 0 1 0 0 1 0 0 1 0 2 1 1 0 2 1 2 0 2 0 1 0 2 109 NA 
1 1 1 2 0 0 0 0 0 0 0 0 1 1 0 NA 1 1 NA 1 0 NA 1 1 0 0 1 1 0 0 112 NA 
0 1 2 2 0 0 0 0 0 0 0 0 1 1 0 0 0 0 2 2 0 0 1 2 0 0 0 0 0 0 115 NA 
0 0 0 0 0 0 2 1 0 0 0 0 0 0 0 0 1 1 0 0 0 1 1 1 0 0 0 1 0 0 122 NA 
1 1 2 2 0 0 0 0 0 0 0 0 1 1 0 0 1 1 1 1 1 1 2 2 0 1 1 1 0 1 122 NA 
0 0 1 0 0 0 0 0 0 0 0 0 1 0 0 0 0 0 0 NA 0 0 1 1 0 0 0 0 0 0 132 NA 
0 0 0 0 0 0 0 0 1 1 0 0 0 0 0 0 1 1 0 0 2 1 1 2 0 1 1 2 2 2 135 NA 
2 2 0 0 0 0 0 0 2 2 2 2 0 0 0 0 0 0 0 0 0 1 1 1 1 1 0 2 0 1 NA NA 
2 2 1 0 1 0 NA 1 0 1 1 0 1 0 0 0 2 2 0 0 2 1 1 2 0 1 2 2 0 1 NA NA 
2 2 0 1 0 0 0 0 0 0 0 0 0 0 0 0 1 1 0 0 0 0 1 1 1 2 2 2 0 0 NA NA 
2 2 0 0 2 2 1 2 2 2 2 2 0 0 0 2 2 2 0 1 0 1 2 2 2 2 2 2 1 2 NA NA 
2 2 0 0 1 0 0 0 2 2 NA 2 0 0 0 0 0 0 0 0 NA 2 0 1 2 2 2 2 0 1 NA NA 
2 1 1 NA 0 0 0 0 0 0 0 0 1 0 0 1 NA 1 0 0 0 0 1 2 2 2 2 2 0 0 NA NA 
2 NA 0 0 0 0 2 2 0 0 0 0 0 0 1 2 2 NA 0 0 2 2 1 1 2 1 NA NA 0 0 87 1 
2 2 2 2 0 0 1 2 0 0 0 0 1 1 0 0 2 2 2 2 0 0 2 2 1 2 2 2 0 0 92 NA 
2 2 0 0 1 1 2 2 1 2 NA 0 0 0 NA 2 2 2 0 0 0 2 2 2 NA 2 NA 2 0 0 92 NA 
1 2 0 0 0 0 0 0 0 1 0 0 1 1 0 0 0 1 0 0 0 2 2 2 0 2 0 2 0 2 96 NA 
2 0 0 0 0 0 0 0 2 2 1 1 0 0 2 2 1 0 0 0 0 1 1 1 1 2 2 2 1 2 104 NA 
2 2 2 2 1 2 1 2 0 0 0 0 2 2 0 2 2 2 0 0 0 0 1 2 0 0 2 2 0 2 NA NA 
2 1 0 0 0 0 1 1 2 2 0 0 0 0 0 0 0 0 2 2 2 2 2 2 1 2 2 2 1 2 NA NA 
1 1 NA NA 2 1 0 1 0 1 2 2 0 0 0 0 1 1 0 0 1 1 2 1 1 1 2 2 1 0 NA NA 
2 2 0 0 2 1 1 0 NA 2 0 0 0 0 2 2 0 0 0 0 2 2 2 2 1 2 2 2 1 2 NA NA 
0 2 0 0 1 2 0 0 1 2 0 0 0 0 2 2 1 2 0 0 2 2 2 2 2 2 2 2 0 0 NA NA 
0 0 0 0 2 0 1 0 0 0 0 0 0 0 2 2 2 2 0 0 2 2 2 2 0 1 0 2 0 2 NA NA 
2 2 0 0 1 1 1 1 2 1 1 0 0 0 0 2 1 0 0 0 2 1 0 2 1 2 2 2 1 1 NA NA 
0 1 0 0 1 1 0 0 0 1 0 1 0 0 1 2 2 2 0 0 2 2 2 2 1 2 2 2 2 2 NA NA 
1 2 0 0 1 1 2 2 0 0 0 0 0 0 0 0 1 1 0 0 0 1 1 1 2 2 2 2 2 2 NA NA 
1 0 0 0 0 0 0 0 1 0 0 0 0 0 0 0 2 1 0 0 2 1 2 2 1 0 2 2 2 2 NA NA 
1 0 0 0 1 2 1 2 1 0 0 0 0 0 0 0 0 1 0 0 2 1 1 1 2 2 2 2 2 2 94 NA 
2 1 0 0 1 0 0 0 2 1 0 2 0 0 2 2 0 0 0 0 2 2 2 2 0 2 2 2 0 0 95 NA 
2 2 0 1 2 2 1 0 2 2 2 2 0 0 1 2 2 2 0 0 2 2 1 2 0 2 1 2 0 2 97 NA 
2 2 1 0 1 1 2 2 2 2 2 2 0 0 NA 1 0 0 0 0 NA 2 1 2 1 1 1 2 0 1 104 NA 
2 1 0 0 1 0 0 0 0 0 2 2 0 0 0 0 0 0 0 0 2 1 2 2 0 1 2 2 2 1 106 NA 
0 0 0 0 2 0 0 0 0 0 0 0 0 0 2 0 0 0 0 0 2 2 2 2 0 0 2 2 0 0 107 NA 
0 0 1 1 1 NA 0 0 2 2 0 2 0 0 0 0 2 2 0 0 2 2 2 2 0 0 2 2 0 0 109 NA 
2 1 0 0 0 0 2 0 2 1 0 1 2 1 2 1 2 1 0 0 2 1 2 2 1 1 2 2 0 0 109 NA 
1 1 0 0 0 0 0 0 0 0 0 0 0 0 0 0 2 2 0 0 2 1 2 2 2 2 2 2 2 2 112 NA 
2 1 1 NA 0 0 2 1 2 2 0 0 2 2 1 0 2 2 2 2 2 2 2 2 0 0 0 1 2 0 117 NA 
0 0 0 0 1 0 1 1 1 0 0 0 0 0 0 0 2 0 0 0 2 0 2 1 0 0 2 1 2 0 122 NA 
1 1 0 0 1 NA 0 NA 2 2 0 1 0 0 0 0 2 2 0 0 0 0 1 1 1 2 2 2 1 NA NA NA 
2 2 2 2 0 0 0 0 0 0 0 0 2 2 0 1 2 2 2 2 0 1 1 2 0 1 1 2 0 1 NA NA 
2 2 0 1 2 2 0 0 2 2 0 0 0 1 1 0 2 2 0 0 2 2 2 2 2 2 2 2 1 1 NA NA 
2 2 0 0 1 1 2 1 2 2 1 1 0 0 0 0 2 1 0 0 0 2 2 2 2 2 2 2 1 0 NA NA 
2 2 2 1 1 0 2 1 1 0 1 1 2 2 0 1 1 1 0 1 1 2 1 2 1 2 2 2 1 1 NA NA 
2 2 2 2 0 0 0 0 0 0 1 0 1 1 0 0 2 2 1 1 0 0 0 2 0 0 1 1 0 0 NA NA 
2 2 2 2 0 0 0 0 0 0 0 0 2 2 0 0 0 0 1 2 0 0 1 2 0 0 0 0 0 0 NA NA 
2 2 1 1 0 0 0 0 NA 1 NA 1 1 NA NA 1 1 2 1 0 NA 1 1 1 0 1 1 2 NA NA NA NA 
2 2 0 0 2 2 1 1 2 2 2 1 0 0 1 1 1 1 0 0 1 1 1 2 2 2 0 1 1 2 NA NA 
1 2 0 0 0 0 0 0 NA 1 NA 2 0 0 0 1 0 0 0 0 0 0 0 1 0 0 0 1 0 0 NA NA 
2 2 1 1 0 1 0 0 0 0 2 2 1 1 0 0 2 1 2 1 2 2 2 2 1 2 2 2 0 2 NA NA 
0 0 0 0 0 0 0 0 0 0 2 1 0 0 0 0 0 0 0 0 0 0 0 1 0 0 0 0 0 0 NA NA 
2 2 0 0 2 2 NA 0 0 0 2 1 0 0 1 0 0 0 0 0 0 0 0 1 1 2 2 1 0 NA NA NA 
2 2 0 0 0 0 2 0 1 0 2 1 2 0 0 0 0 0 0 0 0 0 1 0 1 0 1 1 0 0 NA NA 
1 1 1 1 1 0 0 0 0 0 1 1 1 2 2 2 2 2 1 1 2 2 2 2 0 0 2 2 0 0 NA NA 
1 0 0 0 0 0 0 0 0 0 0 0 0 0 0 2 2 2 1 0 0 0 1 2 1 1 NA NA 0 0 NA 1 
2 2 0 0 0 0 1 2 0 0 2 2 1 1 0 1 0 0 0 0 0 1 1 2 0 1 0 1 0 0 NA NA 
0 1 0 0 0 0 0 0 2 1 0 1 0 0 1 1 0 0 0 0 2 2 1 1 2 2 2 2 0 1 NA NA 
2 2 0 0 NA 2 1 NA 0 NA 1 NA 2 NA 1 2 1 2 0 NA 0 0 1 2 1 2 1 2 0 NA NA NA 
1 0 0 0 0 0 2 1 0 0 0 0 2 1 0 0 2 2 0 0 0 0 1 1 1 0 2 1 0 0 NA NA 
2 2 0 1 0 0 0 1 1 0 1 1 1 2 0 0 0 1 0 0 1 0 1 2 0 1 1 1 0 0 NA NA 
1 2 NA NA 0 0 1 1 0 0 0 0 0 1 2 0 1 0 0 0 2 1 1 0 2 1 2 2 2 2 NA NA 
2 0 0 0 2 NA 0 0 2 2 0 0 0 0 2 2 1 1 0 0 2 1 1 2 0 1 2 2 0 0 NA NA 
0 1 0 0 0 0 2 1 0 1 0 0 0 0 0 1 2 2 0 0 0 0 2 2 1 2 1 0 1 2 NA NA 
2 2 0 0 0 0 0 0 0 2 2 2 0 0 0 0 0 0 0 0 0 1 2 2 0 0 1 2 0 0 NA NA 
2 2 0 0 0 0 0 0 0 NA 2 2 0 0 2 0 0 0 0 0 2 2 1 2 1 2 1 2 0 0 84 NA 
1 0 0 0 0 0 0 0 2 1 0 0 0 0 1 1 0 0 0 0 2 2 2 2 0 0 1 2 0 2 86 NA 
1 2 0 0 0 0 0 0 0 0 2 NA 0 0 0 0 1 1 0 0 0 0 0 1 1 0 2 2 0 0 92 NA 
0 0 1 0 0 0 0 1 0 0 0 0 2 0 2 1 2 2 1 0 1 0 2 2 0 0 1 2 0 0 93 NA 
2 1 0 0 0 0 0 0 0 0 2 0 0 0 0 0 0 0 0 0 1 NA 1 1 2 2 2 2 1 0 94 NA 
2 2 0 0 0 0 1 2 0 0 2 1 0 0 0 0 1 1 0 0 1 1 1 2 2 2 2 2 0 0 94 NA 
2 2 2 2 0 0 0 0 0 1 0 1 2 2 0 0 2 2 1 2 0 0 2 2 0 2 2 2 0 0 97 NA 
0 0 0 0 0 0 1 0 0 0 0 0 2 2 0 0 2 2 2 0 0 0 2 2 0 0 2 2 0 0 97 NA 
2 2 2 1 0 1 NA 1 0 0 1 1 2 2 0 0 1 2 1 0 0 0 1 1 0 0 2 1 0 1 103 1 
2 0 0 0 0 0 2 2 0 0 0 0 2 2 0 0 1 1 0 0 0 0 2 2 0 0 1 1 0 0 111 1 
1 0 0 0 0 0 0 0 0 0 0 0 0 0 0 0 1 0 0 0 0 0 2 1 0 0 2 2 0 0 112 NA 
1 0 2 0 0 0 0 0 0 0 0 0 2 0 0 0 2 2 1 0 0 0 NA NA 0 0 2 2 0 0 122 NA 
1 0 1 NA 0 0 0 1 0 1 0 0 2 1 0 NA 0 1 0 0 0 0 1 1 0 0 NA 2 0 0 77 1 
2 2 2 1 0 0 0 0 0 1 1 0 2 1 1 2 2 2 1 1 0 0 1 2 0 0 2 2 0 0 91 NA 
0 0 0 0 NA 1 0 0 1 1 1 0 0 0 1 NA 0 1 0 0 1 1 0 NA 0 0 1 1 1 NA NA NA 
1 0 1 NA 0 0 0 0 0 0 0 0 2 NA 0 0 2 2 NA NA 2 0 1 NA NA NA 1 NA 0 0 NA NA 
2 2 2 2 0 0 0 0 0 0 0 0 2 2 0 0 0 2 0 2 0 0 0 0 0 0 0 0 0 0 NA NA 
0 0 0 0 0 0 0 0 0 0 2 0 0 0 0 0 0 0 0 0 2 2 2 2 0 0 2 2 0 0 NA NA 
2 2 1 0 0 0 0 0 0 0 1 0 0 0 1 1 1 2 0 0 2 2 2 1 0 2 2 2 1 0 NA NA 
2 1 0 0 2 1 0 0 0 0 1 0 0 0 0 0 0 0 0 0 0 0 2 2 2 1 2 2 0 0 NA NA 
1 0 2 1 0 0 0 0 0 0 0 0 2 1 0 0 1 0 2 0 0 0 1 0 0 0 0 0 0 0 NA NA 
0 1 0 0 0 0 0 0 0 1 0 1 0 0 0 0 2 2 0 1 0 1 2 2 2 2 2 2 0 0 NA NA 
2 2 1 1 0 0 1 1 0 0 1 1 1 1 0 0 1 2 0 1 0 1 2 2 0 0 2 2 0 0 83 1 
1 0 2 2 0 0 0 0 0 0 0 0 2 2 1 0 0 1 2 2 0 1 2 2 0 0 2 2 0 1 83 NA 
1 0 NA NA 0 0 0 0 0 0 1 NA NA NA 0 0 2 1 NA NA 1 0 1 1 2 1 2 0 0 0 91 NA 
0 0 0 0 0 0 0 0 0 0 0 0 2 1 0 0 2 2 2 1 0 0 2 1 0 1 1 2 0 0 93 NA 
2 1 2 1 0 0 0 0 0 0 0 0 2 1 0 0 1 1 1 1 0 0 2 2 0 0 2 2 0 0 96 NA 
2 2 2 1 0 0 1 1 0 0 0 0 1 1 0 2 2 2 0 0 0 0 1 1 0 0 1 2 1 0 98 NA 
2 1 2 2 0 0 0 0 0 0 0 0 2 1 0 0 1 2 1 0 1 1 2 2 0 0 2 2 0 1 102 NA 
0 0 NA NA 0 0 0 0 1 1 0 0 NA NA 0 0 0 0 NA 1 0 0 1 1 NA NA NA NA NA NA 103 NA 
0 0 0 0 1 1 0 0 0 0 0 0 0 0 0 0 2 2 0 0 2 2 2 2 1 1 2 2 2 2 109 NA 
2 1 2 NA 0 0 0 0 0 0 0 0 2 1 0 0 2 2 2 2 0 0 1 2 0 1 2 2 0 0 117 NA 
1 0 2 2 0 0 0 0 NA 0 NA NA NA NA 0 0 2 2 0 0 0 0 1 0 0 0 1 1 NA 0 118 NA 
2 1 0 0 0 0 2 2 0 0 0 0 2 2 0 2 2 2 1 1 1 0 1 1 1 2 1 0 0 0 118 NA 
1 0 2 2 0 0 0 0 0 0 0 0 1 2 0 0 1 0 2 2 0 0 1 2 0 0 2 1 0 0 118 NA 
0 0 2 2 0 0 NA 2 0 0 0 0 2 2 0 0 0 0 0 0 0 0 0 0 1 1 0 0 0 0 119 NA 
2 1 0 1 0 0 2 2 0 0 0 0 0 0 0 0 2 2 0 0 0 0 2 1 1 1 2 2 2 2 120 NA 
0 0 0 0 0 0 0 0 0 0 0 0 0 0 0 0 0 0 0 0 0 0 0 0 1 0 1 0 0 0 122 NA 
2 2 1 2 NA 0 0 0 0 0 0 1 2 2 0 0 1 2 0 0 0 0 1 2 1 2 2 2 0 0 126 NA 
0 0 0 0 0 0 0 0 0 0 0 0 0 NA 0 0 2 2 0 0 1 1 2 2 1 1 2 2 2 2 83 1 
2 1 0 0 0 0 1 1 NA 2 2 NA 2 2 2 2 2 1 1 1 2 0 2 2 2 2 2 2 2 1 89 1 
2 2 2 2 0 0 1 1 0 0 0 0 1 2 0 0 0 0 1 1 0 1 0 2 1 2 2 2 0 0 100 1 
0 1 0 0 0 0 2 2 0 0 0 0 2 2 1 0 2 0 0 0 0 0 2 1 0 0 2 1 0 0 103 1 
2 2 2 2 0 0 1 1 0 0 1 NA 2 1 1 0 2 2 2 1 2 2 2 1 NA NA 1 2 2 2 104 1 
NA NA 2 2 0 0 0 0 0 0 0 0 2 2 0 0 NA 2 2 2 NA NA 2 2 NA 2 NA 2 0 0 109 1 
0 0 0 0 0 0 1 1 0 0 1 1 2 1 2 2 2 2 2 0 0 0 2 1 0 0 2 2 0 0 112 1 
1 1 2 2 0 0 0 0 0 0 1 0 2 1 0 0 1 1 2 1 0 1 1 1 0 0 1 0 0 0 78 1 
2 2 2 2 1 NA 1 0 0 0 2 1 1 0 0 0 1 2 2 2 0 0 1 2 1 0 1 2 0 0 78 1 
2 1 0 0 1 NA 0 0 2 1 1 2 0 0 1 2 0 0 0 0 1 2 1 2 2 2 1 2 1 1 81 1 
2 2 2 1 1 1 0 0 0 0 2 2 2 2 0 0 1 2 2 2 1 2 1 2 1 2 1 2 0 1 83 1 
2 1 2 2 0 0 0 0 0 1 1 1 1 1 0 1 2 2 2 2 1 1 2 2 2 1 2 2 0 0 85 1 
1 1 2 2 0 0 NA 0 0 0 2 2 2 2 0 0 NA 1 0 0 0 1 1 1 1 1 1 2 0 0 86 1 
2 2 1 1 0 1 0 0 1 1 2 1 1 0 NA 2 2 2 1 1 0 2 2 2 2 2 2 2 0 1 87 1 
2 2 0 0 0 0 1 0 0 0 2 2 1 NA 0 0 0 0 0 0 0 0 0 1 0 0 0 1 0 0 87 1 
2 2 2 2 0 0 0 0 0 0 0 0 2 2 0 0 2 2 1 2 1 1 1 2 1 0 2 2 1 1 88 1 
2 1 0 0 1 0 0 0 2 0 1 0 0 0 0 0 2 0 0 0 2 0 2 2 2 1 2 0 0 0 88 1 
2 2 2 2 0 0 0 0 0 1 2 2 1 1 0 1 2 2 1 1 0 1 1 2 1 2 1 2 0 2 89 1 
2 2 0 0 2 0 0 0 2 2 1 NA 0 0 1 0 0 0 1 2 0 0 2 2 1 2 2 2 2 2 92 1 
2 1 0 0 0 0 2 1 0 0 1 NA 0 0 1 1 1 1 0 0 1 2 2 2 1 2 2 2 1 2 93 1 
2 2 2 2 0 0 0 0 0 0 1 0 2 2 0 1 2 2 2 2 1 2 2 2 1 0 2 2 0 0 94 1 
2 1 1 1 0 0 1 0 1 1 2 1 2 0 0 1 1 1 0 0 0 2 1 1 0 1 2 1 0 2 95 1 
2 2 2 2 1 1 2 1 0 1 0 1 2 2 0 1 0 0 1 2 0 0 1 2 1 1 1 1 0 2 97 1 
2 2 2 2 0 1 0 0 0 1 1 1 2 2 0 1 1 2 2 2 0 1 1 2 0 2 1 2 0 0 99 1 
1 1 2 2 0 0 0 0 0 0 2 2 1 1 1 2 1 0 1 0 1 2 1 1 0 0 1 1 0 0 100 1 
1 1 NA 0 0 0 2 0 0 0 1 1 1 1 0 0 1 0 0 0 0 0 2 0 1 0 2 1 0 0 100 1 
2 2 2 1 0 0 0 0 0 0 2 2 1 1 0 0 1 2 1 0 0 0 2 2 0 1 1 2 0 0 100 1 
1 1 2 1 1 0 0 0 1 2 2 NA 1 NA 2 2 1 1 0 0 2 2 1 2 1 1 1 2 2 2 102 1 
2 2 1 1 0 1 2 2 1 0 2 2 1 1 1 1 2 2 1 0 1 1 1 2 1 1 2 2 0 0 104 1 
2 1 0 0 2 NA 1 0 2 2 2 1 0 0 0 0 0 0 0 0 2 1 2 2 1 2 2 2 1 1 105 1 
1 2 1 1 2 2 0 0 1 2 2 1 0 0 1 0 1 1 0 0 2 2 1 2 0 2 1 1 2 2 105 1 
0 0 2 2 0 0 0 0 0 0 1 0 2 1 0 0 1 1 1 0 0 1 1 0 0 0 2 1 0 0 109 1 
1 1 2 2 0 0 0 0 0 0 2 2 2 2 0 0 0 1 1 1 0 0 0 0 0 0 0 1 0 0 110 1 
1 2 2 2 1 2 0 0 1 2 1 2 1 1 1 2 1 2 0 1 2 2 2 2 0 1 2 2 2 1 111 1 
2 1 2 2 0 0 0 0 0 0 0 0 2 2 0 0 1 2 2 2 0 0 2 2 0 1 1 2 0 0 112 1 
2 2 1 0 0 0 1 0 0 0 2 2 0 0 1 0 1 0 0 0 0 1 1 1 2 1 2 1 0 1 114 1 
2 2 2 2 0 1 1 2 0 0 1 NA 2 2 0 0 2 2 2 2 NA 2 1 2 0 2 2 2 0 NA 118 1 
2 1 2 1 0 0 2 1 0 0 1 0 1 0 0 0 1 0 0 0 0 0 1 1 0 0 1 2 0 0 119 1 
1 0 2 2 NA 0 NA NA 0 0 0 1 2 2 0 0 1 1 2 2 0 0 1 2 0 0 2 1 0 0 130 1 
1 0 2 2 0 0 2 1 0 0 0 0 2 2 1 0 0 0 2 2 1 0 2 2 1 0 1 0 1 0 132 1 
2 2 2 2 1 2 1 2 0 0 0 0 2 2 0 0 0 0 2 2 0 0 0 0 NA NA NA NA NA NA 133 1 
2 2 2 NA NA NA NA NA NA NA NA NA NA NA NA NA NA NA NA NA NA NA 2 NA 2 NA 2 2 2 2 NA 1 
2 2 2 2 0 0 2 2 0 0 1 1 1 1 0 1 1 2 0 1 1 2 1 2 0 1 1 2 1 2 NA 1 
2 2 2 2 1 0 1 1 0 0 0 1 2 2 0 1 2 2 0 1 2 NA NA NA NA NA NA NA NA NA 79 1 
2 2 2 2 0 0 0 0 0 0 0 1 2 2 1 1 1 2 1 1 1 1 1 2 1 2 2 2 0 1 87 1 
2 2 1 2 0 0 0 0 0 0 1 0 2 2 0 0 0 0 2 2 0 1 2 2 0 1 2 2 0 0 94 1 
2 2 2 2 0 0 1 1 0 0 0 1 2 2 0 0 0 0 0 0 0 0 0 0 0 0 2 2 0 1 96 1 
2 2 2 2 0 0 2 2 1 2 1 1 2 2 1 0 1 1 0 0 0 0 1 1 1 1 1 2 0 0 97 1 
2 2 2 2 0 0 1 1 0 0 0 0 2 2 1 0 0 0 0 0 0 0 1 2 0 0 0 0 0 0 98 1 
2 2 1 2 0 0 2 2 0 0 1 0 2 1 0 0 1 1 1 1 1 2 1 2 1 2 2 2 0 1 108 1 
2 1 2 2 0 0 0 0 0 0 0 0 2 2 0 0 1 1 0 1 0 0 1 2 0 1 0 1 0 0 128 1 
2 2 2 2 1 NA 1 2 0 1 1 NA 1 0 0 1 2 2 0 0 2 2 1 1 0 0 2 2 1 2 NA 1 
2 2 0 0 0 0 0 0 0 0 2 1 2 0 1 2 2 2 0 0 0 0 2 2 2 1 2 1 0 0 88 1 
2 1 1 1 0 0 0 0 0 0 NA 1 2 1 1 1 2 2 1 1 1 0 2 1 0 1 2 1 0 0 97 1 
2 2 2 2 0 0 NA 0 0 0 1 0 2 1 0 0 2 2 1 2 0 2 2 2 0 1 0 1 0 0 103 1 
2 0 2 2 0 0 0 0 0 0 2 0 2 0 0 0 1 1 1 0 0 0 0 0 0 0 1 0 0 0 111 1 
2 1 2 2 0 0 0 0 0 0 0 0 2 2 0 0 1 2 1 1 0 0 1 1 0 0 2 0 1 0 118 1 
2 2 2 2 0 0 0 0 0 0 NA 0 2 2 0 0 2 2 1 1 1 1 1 2 0 1 2 2 0 1 126 1 
1 1 0 0 0 0 0 0 0 1 1 1 2 1 0 0 2 2 0 0 1 0 1 1 1 1 2 2 0 0 131 1 
1 2 2 2 0 0 NA 0 0 0 NA NA 2 2 1 1 2 2 2 2 1 1 2 2 0 0 2 2 0 0 134 1 
2 1 2 2 0 0 0 0 0 0 2 1 2 2 0 1 1 2 1 2 1 0 1 2 0 1 1 2 0 0 NA 1 
2 2 2 2 0 0 0 0 0 0 0 1 2 2 0 0 2 NA NA 1 0 0 NA NA 0 1 1 1 0 0 NA 1 
2 2 1 1 0 0 2 1 0 0 1 0 2 1 0 1 0 0 1 0 0 0 1 2 0 0 1 1 0 0 126 1 
2 1 0 0 0 0 1 2 0 1 1 0 1 0 0 0 0 0 1 1 0 0 1 2 1 0 1 1 0 0 93 1 
1 1 2 1 0 0 1 0 0 0 1 0 2 1 0 0 1 0 1 0 1 0 1 2 0 0 0 0 0 1 93 1 
2 1 1 1 0 0 0 0 0 0 0 NA 2 2 0 0 0 1 0 1 0 0 1 2 0 0 0 1 0 0 93 1 
2 2 1 1 0 0 0 0 0 1 0 1 2 2 0 0 1 0 0 0 0 0 1 2 0 0 0 0 0 0 95 1 
2 0 2 2 NA NA NA 0 0 0 2 0 2 1 0 1 NA 2 2 1 0 1 NA 1 0 0 1 2 0 0 96 1 
2 2 2 2 0 1 0 1 0 1 0 0 2 2 0 0 0 1 1 1 0 1 1 2 0 2 1 2 0 1 96 1 
2 2 2 2 0 0 0 0 0 0 1 1 2 2 0 2 0 1 2 2 0 0 1 2 0 NA 0 2 0 0 99 1 
2 1 2 2 0 0 1 0 1 1 1 0 2 NA 0 0 1 0 1 1 0 0 1 2 0 0 0 2 0 0 100 1 
2 2 2 1 0 0 0 0 0 1 2 1 2 2 0 2 1 2 1 1 0 1 1 2 0 1 1 2 0 1 101 1 
2 2 2 2 1 1 2 2 0 0 1 NA 1 0 0 0 2 2 0 NA 0 1 2 2 1 1 2 NA 2 2 102 1 
2 2 2 2 0 0 1 1 0 0 0 0 2 2 0 0 1 2 1 2 0 1 1 2 0 2 1 1 0 0 103 1 
0 0 1 1 0 1 0 1 0 0 0 0 2 1 1 1 2 1 2 1 1 1 2 2 1 1 2 1 0 0 104 1 
2 1 1 1 0 0 2 2 0 0 0 0 2 1 0 0 2 2 1 1 0 0 2 1 1 0 1 2 0 0 107 1 
2 1 0 0 1 1 2 1 1 1 2 2 2 1 0 0 0 0 1 0 0 0 1 1 0 1 1 2 0 0 113 1 
2 2 2 2 0 0 0 0 0 0 1 2 2 0 0 0 0 0 0 0 0 0 0 0 1 1 2 2 0 0 115 1 
2 2 2 2 0 0 2 2 0 1 1 1 2 2 0 2 0 0 1 0 0 0 1 2 0 0 1 0 0 0 125 1 
2 1 0 0 2 1 0 0 1 0 1 0 0 0 1 0 2 1 0 0 2 0 1 1 0 1 2 2 0 0 NA 1 
1 1 1 2 0 0 0 0 0 0 0 0 2 2 0 1 2 2 2 1 0 0 2 1 0 0 1 1 0 0 112 1 
2 1 2 2 1 0 0 0 0 0 0 0 2 1 0 0 2 1 2 2 0 0 2 2 0 0 1 1 0 0 74 1 
2 2 0 0 0 0 2 1 0 0 1 1 0 0 0 0 1 1 0 0 2 2 2 2 0 0 2 2 2 1 93 1 
2 1 2 2 0 0 0 0 0 0 NA 0 NA 0 0 0 2 2 0 0 0 0 1 2 0 0 2 2 NA 0 100 1 
2 2 1 1 2 1 2 2 NA 1 0 1 1 0 0 0 2 2 0 0 1 1 2 2 0 0 2 2 1 1 112 1 
2 2 1 1 0 0 0 0 0 0 0 2 1 0 0 2 2 0 0 0 0 1 1 1 0 1 1 0 0 NA 126 1 
2 2 1 1 0 0 2 2 0 0 0 0 1 1 0 0 2 2 0 1 0 0 1 2 1 1 2 2 0 0 NA 1 
2 2 1 0 1 1 0 0 2 2 2 2 0 0 1 1 1 2 0 0 2 2 2 2 1 2 2 2 0 2 NA 1 
2 2 0 0 0 0 1 1 1 2 1 1 2 1 1 2 1 1 1 0 0 1 1 2 1 2 2 2 0 0 82 1 
1 0 1 0 0 0 2 2 0 0 0 0 2 2 0 0 1 1 1 1 0 1 1 1 2 2 1 2 1 0 86 1 
2 1 0 NA 0 0 1 2 0 0 NA 0 1 0 1 NA 2 2 0 0 1 2 1 2 0 1 2 2 0 0 96 1 
2 2 2 2 0 0 0 0 1 2 2 2 1 2 0 0 1 1 0 0 0 0 1 2 0 0 2 2 0 0 99 1 
2 2 1 1 0 0 NA 1 0 0 0 0 2 2 0 2 1 2 0 0 0 0 2 2 1 2 2 2 0 1 109 1 
2 2 2 2 1 1 1 1 0 0 1 1 2 2 0 1 1 2 1 1 0 NA 1 2 1 1 2 2 0 0 127 1 
2 2 2 2 2 2 2 2 0 0 0 2 2 2 0 2 2 1 1 1 1 1 1 1 0 2 2 2 0 2 NA 1 
2 2 2 2 2 0 2 2 2 2 2 2 2 2 1 2 0 0 0 0 0 0 0 1 0 2 2 2 2 2 NA 1 
1 1 0 0 0 0 1 0 1 1 2 0 2 1 0 0 0 0 0 0 2 2 2 1 1 2 2 2 1 2 83 1 
2 2 0 0 2 2 2 2 2 1 0 0 2 2 0 2 2 2 2 2 0 0 2 2 1 2 2 2 0 0 86 1 
2 2 2 1 0 0 0 0 1 1 1 0 1 0 0 0 0 0 0 0 2 2 1 2 1 1 1 1 0 1 92 1 
1 0 2 2 0 0 1 1 0 0 0 0 2 1 0 0 2 2 2 2 0 0 2 2 0 0 2 2 0 0 95 1 
2 2 1 0 0 0 0 0 0 0 0 0 1 0 0 0 2 2 0 0 0 0 2 2 1 1 2 2 0 0 96 1 
0 0 2 2 0 0 0 0 0 0 0 1 1 0 0 0 2 2 0 0 0 0 2 2 0 0 1 2 0 1 108 1 
1 0 2 2 0 0 0 0 0 0 0 0 2 2 0 0 0 0 1 1 0 0 1 2 0 0 1 1 0 0 114 1 
2 1 1 1 0 0 0 0 0 0 2 1 0 0 NA 1 0 1 0 0 0 0 1 2 0 2 1 2 0 2 73 1 
NA 1 1 0 NA 0 0 0 0 0 NA 1 NA 0 0 0 0 0 0 0 NA 1 1 NA 2 2 1 2 NA 1 79 1 
1 0 1 1 0 0 0 0 0 0 1 0 NA NA 0 0 2 2 2 NA 0 1 NA NA 0 0 1 1 0 0 84 1 
2 1 1 0 0 0 0 NA 0 0 0 0 0 0 0 0 2 2 0 1 0 0 2 2 0 0 2 2 0 0 87 1 
2 2 2 2 0 0 0 0 0 0 2 0 2 2 0 1 2 2 2 2 0 0 2 1 0 1 2 1 0 0 88 1 
2 2 1 0 0 0 0 0 0 0 1 0 2 0 0 1 1 2 0 NA 1 0 1 NA 0 1 1 1 0 0 93 1 
1 0 0 0 0 0 0 0 0 0 0 0 0 0 0 0 0 0 0 0 0 0 1 2 2 2 2 2 0 0 96 1 
1 0 2 1 1 1 0 0 0 0 0 0 2 1 0 1 1 1 1 1 0 1 1 NA 0 0 1 2 0 0 98 1 
0 2 0 0 NA 0 0 0 0 1 2 2 0 0 0 1 0 0 0 0 2 2 0 0 1 2 1 1 1 0 104 1 
2 2 1 1 0 0 0 0 0 0 0 0 0 0 0 0 2 2 0 0 0 1 2 2 0 2 2 2 0 0 105 1 
2 2 2 2 2 2 0 0 1 2 1 0 2 2 1 2 1 0 0 0 2 1 1 NA 0 0 1 1 0 0 119 1 
2 2 0 0 0 0 0 0 0 0 2 1 0 0 0 0 0 0 0 0 0 0 NA NA 2 2 2 2 0 0 144 1 
1 1 0 0 0 0 2 2 0 0 0 0 2 2 1 1 1 1 2 2 0 2 1 1 1 2 1 1 0 0 85 1 
2 2 2 2 0 0 2 0 0 0 2 0 2 2 0 1 0 2 2 2 0 0 1 2 0 1 0 2 0 0 86 1 
2 2 2 2 NA NA NA NA NA 2 2 2 2 2 0 0 0 0 1 0 0 0 2 2 2 2 NA NA NA NA 89 1 
2 1 1 0 0 NA 1 0 2 2 1 0 0 0 0 0 1 2 0 0 NA NA 2 2 1 1 2 2 0 1 90 1 
2 1 NA 0 0 0 1 0 0 0 2 2 2 0 0 0 NA 2 0 0 0 0 2 1 1 0 1 2 0 0 94 1 
2 2 0 0 0 0 2 0 0 1 NA NA 1 2 0 0 2 0 2 0 0 0 2 2 2 2 2 2 0 1 96 1 
1 0 1 0 0 0 0 0 0 0 0 0 1 0 0 0 1 1 1 0 0 0 1 1 0 0 1 1 0 0 102 1 
2 2 2 2 0 0 NA 0 0 0 0 0 2 2 0 0 0 0 0 0 0 0 0 0 1 0 0 1 0 0 108 1 
2 2 0 0 1 1 2 0 0 0 0 0 3 2 0 2 1 0 2 0 0 2 2 0 2 2 0 1 0 0 110 1 
2 2 2 2 0 0 1 1 0 0 2 2 0 0 1 0 0 0 0 0 1 0 1 0 0 0 2 0 0 0 112 1 
2 2 1 0 NA NA NA 1 0 0 1 0 2 1 0 0 1 1 1 1 1 1 2 1 0 1 1 1 0 0 115 1 
2 0 2 2 0 1 0 1 0 0 0 0 2 0 0 0 2 2 1 1 0 1 2 2 0 0 2 2 0 1 NA 1 
2 2 2 2 0 0 0 1 0 0 1 1 2 2 1 1 2 2 2 2 0 0 2 1 1 0 1 1 0 0 NA 1 
1 0 0 0 0 1 0 0 1 2 0 0 1 0 0 1 2 2 1 0 1 1 2 2 2 2 2 2 1 1 84 1 
1 0 1 1 0 0 0 0 0 0 0 0 2 1 0 0 0 0 0 0 0 0 1 1 0 0 2 1 0 0 85 1 
2 2 2 2 0 0 2 2 1 1 2 1 2 2 0 0 2 2 2 1 0 0 2 2 0 1 2 2 2 1 86 1 
1 2 2 2 2 2 1 1 1 2 0 1 2 2 1 2 2 2 1 0 2 2 2 2 2 2 2 2 1 1 109 1 
2 2 2 2 0 0 0 1 0 0 2 1 2 2 0 1 1 1 2 2 0 0 1 1 0 1 2 2 0 1 124 1 
1 1 2 2 0 0 0 0 0 0 0 0 2 2 0 1 1 1 2 2 0 0 2 2 0 0 2 2 0 0 126 1 
2 2 1 1 0 0 0 1 0 0 0 0 1 1 0 0 2 2 0 0 1 1 2 2 0 0 2 2 1 1 126 1 
2 2 0 0 0 0 1 0 1 2 2 2 1 1 0 0 0 0 0 0 0 0 1 1 0 0 1 1 0 0 NA 1 
2 2 2 2 0 0 0 0 0 0 0 0 1 1 0 0 0 0 0 1 2 2 0 2 0 0 0 1 0 0 NA 1 
2 1 0 0 0 0 0 0 1 1 0 0 0 NA 0 0 0 0 0 0 2 1 1 0 2 1 0 0 NA NA 84 1 
0 0 0 0 0 0 0 0 0 0 1 0 0 0 0 0 2 2 0 0 2 2 2 2 0 0 2 2 2 2 86 1 
2 NA 1 NA 0 0 0 0 0 0 0 0 0 0 0 0 NA 1 0 0 2 2 2 2 2 2 2 2 0 0 88 1 
2 NA 0 0 1 0 0 0 0 0 2 NA 2 NA 1 1 1 1 2 NA 0 2 2 2 2 2 2 2 2 2 89 1 
2 2 2 2 0 0 2 0 0 0 0 0 2 2 1 0 2 2 2 2 1 2 2 2 0 0 2 2 1 2 90 1 
2 2 0 0 1 0 1 1 1 1 2 2 0 0 1 1 2 2 0 0 2 2 1 2 1 1 1 1 0 0 98 1 
2 1 1 2 0 0 1 1 NA NA NA NA 1 1 NA NA NA 1 NA NA 0 NA NA NA 0 0 NA NA NA NA 100 1 
2 1 2 2 2 2 2 2 1 1 0 0 1 1 2 1 0 0 0 0 2 2 1 2 0 0 1 1 0 0 109 1 
2 2 2 2 0 0 2 2 0 0 0 0 0 0 0 0 0 1 0 0 0 0 1 2 0 0 0 1 0 0 111 1 
2 2 1 1 0 0 0 0 0 0 2 0 2 0 0 0 2 2 2 1 0 0 0 0 0 0 2 2 0 0 NA 1 
2 2 0 0 0 0 0 0 1 1 1 1 0 0 0 1 0 0 0 0 0 0 1 0 1 2 2 2 0 0 NA 1 
1 0 0 0 2 NA 0 0 2 2 0 0 0 0 2 2 2 2 0 0 2 2 2 2 2 2 2 2 0 1 85 1 
2 2 2 1 0 0 1 0 0 1 2 2 1 0 0 2 2 2 0 0 1 1 2 1 1 2 2 2 0 2 91 1 
2 2 0 0 2 2 0 0 2 2 2 1 0 0 2 2 2 2 0 0 1 1 2 2 1 2 1 2 0 1 100 1 
2 2 1 1 0 0 2 2 0 0 2 2 2 2 0 0 2 2 0 1 0 0 2 2 0 2 1 2 0 0 102 1 
0 0 0 0 0 0 0 0 0 0 0 0 0 0 0 0 0 0 0 0 2 2 1 2 1 1 2 2 0 0 103 1 
1 0 2 2 0 0 NA NA 0 0 0 0 2 2 0 0 2 2 2 2 1 2 2 1 0 0 2 2 0 0 104 1 
2 2 0 0 1 0 1 0 1 1 2 0 0 0 0 0 0 1 0 0 0 1 1 1 2 2 2 2 2 2 104 1 
0 0 2 2 0 0 NA NA 1 2 2 2 0 0 0 0 0 0 2 2 1 2 2 2 0 0 2 2 0 0 106 1 
2 2 2 2 1 0 2 1 0 0 0 0 2 2 1 0 2 2 2 2 0 0 1 2 0 1 2 2 0 1 106 1 
2 2 1 2 0 0 1 0 0 0 0 0 2 1 0 0 2 2 1 1 0 0 2 2 1 2 2 2 0 1 106 1 
2 2 0 0 0 0 2 1 0 2 2 2 2 2 0 1 0 0 1 0 0 0 2 2 1 1 1 2 0 1 107 1 
2 1 2 1 0 0 1 0 0 0 0 0 2 2 0 0 2 2 2 2 0 0 2 2 0 0 1 1 0 0 109 1 
1 0 1 2 0 0 0 0 0 0 0 0 2 2 0 0 2 2 2 2 0 0 2 2 0 0 2 2 0 0 112 1 
1 2 1 1 0 0 0 0 0 2 1 0 1 1 2 2 2 2 2 0 0 2 2 2 0 2 2 2 0 NA 112 1 
2 2 1 1 0 0 0 0 0 0 2 2 1 0 0 0 1 2 2 1 1 2 2 2 0 0 2 2 0 0 113 1 
2 2 0 0 1 0 0 0 0 0 2 1 0 0 0 0 0 0 0 0 2 0 2 2 1 1 1 0 0 0 114 1 
2 2 2 2 0 0 0 0 0 0 0 0 2 2 0 0 1 0 0 0 0 0 1 2 0 1 1 2 0 0 115 1 
2 2 2 2 0 0 2 2 0 0 0 0 1 2 0 0 0 1 0 0 0 0 1 2 0 0 2 2 0 0 115 1 
2 2 2 2 0 0 0 0 0 0 0 1 2 1 0 0 2 1 0 1 0 0 2 2 0 0 2 2 0 0 117 1 
2 2 2 2 0 0 0 0 0 0 1 1 2 2 0 0 0 1 2 2 0 0 1 2 0 0 0 1 0 0 118 1 
2 1 2 2 0 0 0 0 0 1 0 0 2 2 0 0 2 2 2 2 0 0 2 2 0 0 2 2 0 0 118 1 
2 2 1 1 0 0 0 0 0 0 2 1 2 1 2 1 2 1 2 1 0 0 2 2 0 1 2 2 0 1 119 1 
2 2 0 0 0 0 2 2 0 1 0 1 0 0 0 1 1 0 0 0 0 2 1 1 1 0 2 2 1 0 120 1 
2 2 2 2 1 1 0 1 0 0 0 0 2 2 0 0 1 1 2 2 0 0 2 2 0 1 2 2 0 1 125 1 
2 2 0 0 0 1 2 2 0 1 0 1 2 1 2 2 2 2 1 1 0 0 2 2 0 1 2 2 0 0 126 1 
2 2 2 2 1 2 2 2 2 2 0 1 1 2 2 2 2 2 0 1 2 2 2 2 0 0 2 2 0 0 128 1 
1 1 2 1 0 0 0 0 0 0 1 0 2 1 2 1 2 1 2 0 0 0 2 2 0 1 2 2 0 0 NA 1 
0 0 2 0 0 0 0 0 0 0 0 0 2 0 0 0 1 0 2 0 0 0 2 2 1 0 1 0 0 0 NA 1 
0 0 0 0 0 0 2 1 0 1 0 0 0 0 0 0 2 0 0 0 0 0 2 2 1 1 2 0 1 2 NA 1 
0 0 0 0 2 1 1 0 0 1 1 1 1 2 2 2 1 1 1 2 2 2 1 2 2 2 0 2 NA NA 64 1 
2 1 2 1 0 0 0 0 0 0 0 0 2 1 0 1 1 2 2 1 0 0 1 2 2 2 2 2 0 0 70 1 
0 1 2 2 1 0 0 0 0 0 0 0 1 1 0 0 0 0 0 0 1 2 1 1 0 1 0 2 0 2 75 1 
2 1 2 1 0 0 0 0 1 0 0 0 NA 1 0 0 0 0 1 0 0 0 0 1 1 1 2 2 2 2 77 1 
1 2 0 1 0 0 1 0 0 2 0 0 2 1 0 2 1 1 2 0 1 2 1 2 1 2 1 2 1 2 77 1 
1 0 2 2 0 0 0 0 0 0 0 0 2 2 0 0 0 0 1 1 0 0 1 2 0 0 1 1 0 0 79 1 
2 2 2 2 1 1 2 2 0 0 1 0 1 1 1 0 1 2 2 2 2 1 2 2 1 2 2 2 0 0 81 1 
2 2 1 0 0 0 2 2 0 1 1 1 1 1 1 1 2 2 0 1 2 2 1 2 2 2 2 2 2 2 83 1 
2 1 0 0 0 0 1 0 0 0 1 1 0 0 1 1 2 1 0 0 1 1 1 1 1 1 1 1 1 1 83 1 
2 1 0 0 0 0 2 2 0 0 0 0 2 1 0 1 1 2 1 1 0 0 2 1 0 0 1 1 0 0 85 1 
1 2 2 2 0 1 0 1 0 1 1 1 2 2 0 1 0 1 1 1 0 1 1 2 0 1 2 2 0 1 89 1 
2 2 2 2 0 0 0 1 0 1 0 0 2 2 0 1 0 0 1 0 0 0 2 1 0 0 2 1 0 0 93 1 
2 2 2 2 0 0 1 0 0 0 1 0 2 1 1 1 1 2 0 0 1 2 2 2 1 2 2 2 0 0 93 1 
2 1 2 2 0 0 1 1 0 0 1 1 2 1 1 1 1 2 0 0 0 0 NA NA 0 1 1 2 1 2 94 1 
2 2 1 2 0 1 0 1 1 1 1 2 1 0 0 1 1 2 0 2 1 1 1 2 0 2 1 2 1 2 97 1 
2 0 2 2 0 1 1 1 0 0 1 0 2 1 0 1 1 2 2 0 0 1 1 1 0 0 0 1 1 2 98 1 
1 1 1 2 0 0 0 1 0 1 0 1 1 2 0 2 2 2 1 0 2 2 2 2 2 2 2 2 0 1 98 1 
2 2 2 2 0 0 0 NA NA NA 1 1 2 2 0 0 2 2 2 2 0 0 1 2 0 0 2 2 0 NA 100 1 
1 0 1 1 0 0 2 1 0 0 0 0 2 0 0 0 2 1 2 1 0 0 2 0 0 0 2 2 0 1 101 1 
1 1 2 2 0 0 2 0 0 0 2 1 1 1 0 0 1 1 1 1 0 1 1 1 0 0 1 1 0 0 102 1 
2 0 1 1 0 0 2 0 0 1 0 1 1 1 0 1 0 0 0 0 0 0 1 1 0 0 1 1 0 0 103 1 
1 0 2 2 0 0 1 2 0 1 0 2 2 1 1 0 1 0 1 0 0 0 1 1 0 0 0 1 0 0 103 1 
2 2 2 2 0 1 2 2 0 0 0 0 1 1 0 0 2 2 2 2 0 1 2 2 1 2 2 2 1 1 103 1 
2 2 1 1 0 0 1 2 0 0 0 0 1 1 0 0 0 1 0 0 0 0 1 1 1 2 2 2 0 1 104 1 
1 1 2 2 0 0 0 0 0 1 0 1 2 2 0 1 2 1 2 2 0 0 2 2 0 1 1 1 0 0 105 1 
2 2 2 2 0 0 0 1 0 1 0 0 2 2 0 0 1 1 0 1 1 1 1 2 0 2 2 1 0 1 105 1 
2 2 2 2 0 0 0 0 0 0 2 1 2 2 0 0 0 0 1 0 2 2 0 0 2 2 0 0 2 1 106 1 
1 1 0 0 0 0 1 2 2 2 1 0 0 0 1 2 1 1 0 0 2 2 2 2 1 2 2 2 0 1 108 1 
0 1 2 2 0 1 0 1 0 1 0 0 2 2 0 2 0 0 0 2 0 0 1 2 0 1 0 2 0 0 108 1 
2 2 0 2 0 1 0 2 0 0 2 2 2 2 0 0 2 2 0 0 1 0 1 1 2 2 1 1 0 1 109 1 
2 2 2 2 0 0 0 0 0 1 0 0 2 2 0 0 2 2 0 0 0 0 2 2 1 1 2 2 0 0 109 1 
2 2 2 2 0 0 0 0 0 1 1 1 2 2 0 1 0 0 1 0 0 1 0 1 0 0 0 1 0 0 112 1 
2 2 2 2 1 2 1 1 0 0 0 0 2 2 1 2 2 2 2 2 0 0 1 2 2 1 2 2 1 1 113 1 
2 2 2 2 0 0 0 0 0 0 0 0 2 2 0 0 2 2 2 2 1 1 2 2 2 2 2 1 0 0 116 1 
2 2 1 0 0 0 1 1 0 0 1 0 1 0 0 2 0 0 0 0 0 0 1 1 2 1 1 2 0 0 120 1 
0 0 1 2 0 0 0 0 0 0 0 0 2 2 0 0 0 0 2 2 0 0 1 2 0 0 1 1 0 0 124 1 
2 1 0 0 0 0 0 0 1 1 0 2 1 0 0 0 1 0 0 0 0 0 1 0 1 1 2 1 0 0 84 1 
2 2 1 1 0 0 1 1 0 0 2 2 2 0 0 1 0 0 0 0 0 0 0 1 0 1 0 1 0 1 86 1 
2 2 1 1 0 0 1 0 0 0 0 0 2 1 0 0 2 1 2 1 1 2 2 1 1 2 2 1 1 0 87 1 
2 1 1 1 0 0 1 0 0 1 1 0 2 1 0 1 2 2 0 0 0 0 1 1 1 1 2 1 0 1 88 1 
2 2 0 0 0 0 1 1 0 0 0 0 2 1 0 1 1 1 0 0 1 1 1 2 2 2 2 2 0 2 90 1 
2 2 1 0 0 0 1 1 0 2 0 0 1 0 0 1 1 2 0 0 1 0 2 2 2 2 2 2 0 2 92 1 
2 1 2 2 0 0 0 0 0 0 0 0 2 2 0 0 2 1 2 1 0 0 2 2 0 0 1 1 0 0 92 1 
1 1 0 0 2 0 1 1 0 2 0 0 2 1 0 1 1 0 0 0 1 0 1 2 0 0 1 1 0 1 94 1 
1 0 2 2 0 0 0 0 0 0 0 0 2 2 0 0 1 0 1 1 0 0 1 2 0 1 1 2 0 0 96 1 
2 1 1 1 0 0 0 0 0 0 0 0 1 0 0 1 1 1 0 1 1 1 2 2 1 1 2 2 0 0 98 1 
2 1 0 0 0 0 1 0 0 1 0 0 2 1 1 1 0 0 1 1 2 1 2 2 0 2 2 2 0 2 99 1 
2 2 0 0 0 0 0 0 0 0 0 0 0 0 0 1 1 2 0 0 0 0 2 2 1 1 0 1 0 0 99 1 
2 2 0 0 0 0 2 1 0 NA 1 1 0 0 0 0 1 1 0 0 0 0 2 1 1 2 2 2 0 0 100 1 
1 1 1 1 1 1 1 1 0 0 1 0 0 0 1 1 2 1 0 0 1 0 1 1 1 1 2 1 0 1 101 1 
2 2 1 0 2 1 1 0 1 1 1 1 1 NA 0 0 2 1 0 0 0 0 2 2 2 2 2 2 1 0 101 1 
2 2 1 0 1 0 0 0 0 0 1 0 2 1 0 0 2 2 1 0 2 2 1 2 2 2 2 2 0 1 105 1 
2 1 2 2 0 0 0 0 0 0 0 0 1 0 0 1 0 1 0 0 0 0 1 2 1 1 2 2 0 1 107 1 
1 1 2 2 0 0 0 0 0 0 0 0 2 2 0 0 0 0 0 0 0 0 1 2 0 0 0 1 0 0 109 1 
2 1 1 2 0 0 2 2 0 0 0 0 1 0 0 0 2 2 0 0 2 2 2 2 1 2 2 2 0 1 119 1 
2 1 2 2 0 0 1 1 0 0 0 0 2 1 0 0 1 0 2 1 0 0 2 2 0 0 1 0 0 0 119 1 
2 1 1 1 0 0 2 2 0 0 1 0 2 1 0 0 0 1 0 0 0 0 1 1 0 0 1 1 0 0 120 1 
2 0 1 1 0 0 0 0 0 0 0 0 1 0 0 0 2 1 0 0 0 0 2 2 0 0 2 1 0 0 121 1 
0 0 0 1 0 0 2 1 0 0 0 0 2 1 0 0 2 2 2 0 0 0 2 1 0 0 1 1 0 0 121 1 
2 1 2 2 0 0 0 0 NA NA 0 0 1 1 0 0 2 2 NA 2 0 0 2 2 1 2 1 2 0 0 130 1 
2 0 2 2 0 0 2 2 0 0 1 0 2 1 0 0 1 1 1 1 0 0 2 1 0 0 1 1 0 0 136 1 
2 2 0 0 0 0 1 1 1 0 2 1 2 2 1 1 0 0 0 1 1 2 1 1 1 1 1 1 0 1 103 1 
2 2 0 0 1 0 1 1 1 2 1 2 1 1 1 0 1 1 0 0 1 2 2 2 0 1 1 2 1 1 107 1 
2 2 2 2 0 0 0 0 0 0 2 NA 2 2 0 0 0 0 1 1 0 0 2 2 0 0 0 0 0 0 108 1 
2 1 2 2 0 0 0 0 0 0 0 0 2 2 0 1 2 2 2 2 1 2 2 2 0 2 2 2 0 0 118 1 
1 0 2 2 0 1 0 0 0 1 0 0 2 2 1 2 2 2 2 2 0 1 2 2 1 2 2 2 0 0 78 1 
2 2 2 2 0 0 0 0 0 0 0 0 2 2 0 0 2 2 2 2 0 0 2 2 0 2 1 2 0 0 81 1 
2 2 2 2 0 0 0 2 0 0 0 0 2 1 0 0 1 2 2 2 0 0 2 2 0 2 1 1 0 0 84 1 
1 0 2 2 0 0 0 0 0 0 0 0 2 1 0 0 2 2 1 0 NA 0 2 2 0 1 0 1 NA 0 91 1 
0 0 2 2 0 0 1 1 0 0 0 0 2 1 0 0 2 2 1 0 0 0 1 2 0 0 0 2 0 0 94 1 
2 2 2 2 0 0 0 1 0 0 2 2 2 0 0 2 2 2 2 2 0 2 2 2 0 1 1 2 0 2 98 1 
2 2 0 1 0 0 2 2 0 0 0 0 2 0 0 0 2 1 0 0 0 0 2 0 0 0 2 2 0 0 105 1 
1 0 2 2 1 0 1 0 0 0 0 0 2 2 0 0 0 0 0 0 0 0 1 0 0 0 1 0 0 0 125 1 
2 2 0 0 0 NA 0 0 NA 0 2 NA 2 0 0 0 0 0 0 0 0 NA 0 1 0 NA NA NA 0 0 85 1 
0 0 2 1 0 0 0 0 0 0 0 NA 2 1 0 0 NA 1 1 1 0 1 1 1 0 1 1 2 0 0 95 1 
2 2 2 1 2 2 0 0 1 1 1 1 NA NA 2 1 1 1 0 0 2 2 0 1 2 2 2 2 0 2 100 1 
1 0 1 0 1 0 0 0 0 0 0 0 0 0 0 1 1 2 0 0 2 2 1 1 1 2 2 2 2 2 101 1 
2 2 1 1 2 1 2 2 1 1 1 1 1 0 0 1 2 2 1 0 1 1 1 1 0 1 1 2 0 0 109 1 
1 NA 2 1 0 0 0 0 0 0 0 0 1 1 0 0 1 2 1 1 0 1 1 1 0 1 1 1 0 0 111 1 
2 2 2 2 0 0 0 0 1 0 0 0 0 0 0 0 2 2 1 2 0 0 2 2 0 1 1 0 0 0 133 1 
1 2 2 2 0 0 1 1 0 0 0 0 1 1 0 1 1 2 1 1 0 1 2 2 1 2 1 2 0 0 NA 1 
1 1 2 1 1 0 0 0 0 0 0 0 1 1 0 0 1 0 0 0 0 1 1 2 1 NA 1 1 0 1 84 1 
1 2 2 2 NA 1 2 1 0 0 0 1 0 1 0 NA 2 2 0 0 0 1 2 0 0 0 1 1 NA 1 87 1 
0 1 2 NA 0 1 1 1 0 0 0 0 0 1 1 0 2 2 1 1 0 1 2 2 1 1 2 2 0 NA 87 1 
1 1 0 0 0 0 1 0 0 0 0 0 1 0 0 0 1 2 0 0 1 2 1 2 0 2 2 2 0 2 88 1 
2 2 2 2 0 1 2 2 0 1 2 1 2 2 0 1 1 2 0 2 2 2 1 2 1 2 2 2 1 2 96 1 
2 2 1 1 0 0 1 2 0 0 0 0 0 0 0 0 1 1 1 0 1 1 1 1 0 0 1 2 0 1 96 1 
2 0 2 2 0 0 1 0 0 0 0 0 1 0 0 0 1 0 1 0 1 0 1 1 0 1 1 2 0 0 98 1 
0 1 2 2 0 NA 0 1 0 0 0 0 2 1 0 0 1 2 2 1 0 0 1 2 0 0 2 1 0 0 102 1 
2 2 2 NA 2 0 0 1 0 1 0 NA 0 0 0 1 1 1 1 1 NA 2 2 1 0 1 1 1 0 2 104 1 
1 2 2 2 1 0 0 0 0 0 1 0 1 1 0 1 2 2 0 0 0 0 2 1 0 1 2 2 0 1 105 1 
1 0 2 2 0 0 1 1 0 0 0 0 1 1 0 0 0 0 0 1 0 0 1 1 0 0 1 1 0 0 108 1 
2 1 2 NA 0 0 2 1 0 0 0 0 1 2 1 1 2 2 2 2 0 0 1 2 0 0 2 1 0 0 110 1 
0 0 2 1 0 0 1 2 0 0 0 0 1 0 1 0 2 2 2 NA 0 NA 2 2 0 0 2 2 1 1 110 1 
1 1 0 0 0 0 1 1 0 0 0 0 1 0 0 0 0 1 0 0 0 0 1 1 0 1 0 2 0 0 111 1 
1 2 0 0 1 0 0 0 0 0 0 0 0 0 0 0 1 1 0 0 1 0 2 2 0 0 1 1 0 0 111 1 
1 2 0 NA 0 0 2 1 0 0 0 0 1 1 0 0 1 0 0 0 0 0 2 2 NA 0 1 2 0 0 114 1 
0 0 2 2 0 0 0 0 0 0 0 1 2 1 0 0 0 0 1 2 0 0 1 2 0 0 0 0 0 1 116 1 
1 1 0 0 0 0 0 0 NA 1 0 0 0 0 NA 0 0 0 0 2 NA 1 0 2 2 2 2 0 NA NA 70 1 
2 2 1 0 0 0 0 1 0 0 0 0 0 0 0 1 2 2 0 1 0 0 1 0 0 0 0 0 0 0 92 1 
2 2 0 0 0 0 1 1 0 0 2 NA 2 NA 0 0 1 0 0 0 0 0 0 1 0 0 1 1 0 0 104 1 
2 2 2 2 0 0 0 0 2 2 2 2 2 2 1 1 0 1 0 1 0 NA 1 2 0 1 2 2 0 1 87 1 
2 2 2 2 0 1 0 0 0 1 0 0 2 1 0 0 2 2 1 2 1 1 1 1 0 0 1 2 0 1 101 1 
2 1 2 2 0 0 0 0 0 1 1 0 2 2 0 1 2 2 0 1 0 1 2 1 0 1 1 0 0 0 106 1 
1 0 0 0 0 0 1 0 1 1 1 0 NA 0 2 1 0 0 1 0 2 2 2 2 1 1 2 1 0 1 108 1 
2 2 2 2 0 0 0 0 0 0 1 0 2 1 0 0 1 2 0 1 2 2 1 2 0 1 2 0 1 0 117 1 
2 2 2 0 0 0 2 2 2 2 NA NA 2 1 0 0 0 1 0 0 2 2 1 1 0 0 1 2 0 0 132 1 
1 1 1 1 0 0 0 0 0 0 0 1 2 1 0 0 1 1 2 2 1 2 1 1 0 0 0 1 0 1 NA 1 
2 2 0 0 0 0 0 0 1 1 2 2 0 0 1 2 0 0 0 0 0 2 0 1 0 2 2 2 0 0 NA 1 
1 1 0 0 0 0 1 0 0 0 1 1 2 0 0 0 1 1 0 0 1 0 2 1 0 0 1 1 0 0 NA 1 
2 2 1 1 0 1 0 1 0 0 1 0 1 1 0 2 2 2 2 2 0 1 2 2 2 2 2 2 0 2 NA 1 
2 0 2 1 0 0 0 0 0 1 0 1 2 0 0 2 2 2 0 0 1 0 1 2 1 0 2 2 0 0 NA 1 
1 0 1 1 0 0 1 1 0 1 0 0 2 1 0 0 2 1 1 1 0 0 2 2 0 NA 2 2 0 0 NA 1 
0 0 1 1 0 0 0 0 0 0 0 0 2 0 0 1 1 0 0 0 1 1 1 2 0 0 2 2 0 0 79 1 
2 2 2 2 0 0 1 0 0 0 1 1 2 2 1 0 1 0 2 2 0 0 2 1 1 0 1 1 0 0 92 1 
2 2 1 2 0 0 0 0 0 NA NA 1 2 NA 0 2 0 0 0 0 0 NA 1 2 1 0 1 2 0 NA 102 1 
2 2 1 0 0 0 0 0 0 0 0 0 2 NA 0 0 0 1 0 0 0 1 NA 0 1 1 1 1 0 0 106 1 
2 2 2 2 0 0 0 1 0 0 0 0 2 2 0 0 0 0 0 1 0 0 1 2 0 0 1 2 0 0 107 1 
2 0 1 0 0 0 0 0 0 0 0 0 1 0 0 0 0 1 0 0 0 0 1 0 0 0 1 1 0 0 107 1 
2 2 2 2 0 0 1 1 0 0 0 0 2 2 0 0 2 2 2 2 0 2 0 0 2 2 2 2 0 1 NA 1 
1 0 2 1 0 0 0 0 0 0 0 0 2 2 1 2 1 2 1 2 0 0 2 2 0 1 0 2 0 1 81 1 
2 2 1 0 0 0 1 1 1 NA 2 1 1 1 0 0 1 1 0 0 2 1 1 2 1 2 2 2 0 0 84 1 
0 1 2 2 0 0 0 0 0 0 0 0 2 2 NA NA 1 1 1 0 1 NA 1 1 0 1 2 2 0 NA 85 1 
2 0 0 0 0 0 0 0 0 0 2 2 1 1 1 0 2 1 0 0 1 1 2 1 1 2 2 2 0 1 99 1 
0 1 1 2 0 0 0 0 0 0 0 1 1 0 2 2 2 2 1 1 0 1 1 1 0 1 2 2 0 1 100 1 
1 0 1 1 0 0 1 1 0 0 0 0 2 2 0 0 0 0 2 2 0 0 1 1 0 0 1 0 0 0 125 1 
2 2 0 0 0 0 0 0 0 1 2 2 0 0 0 0 0 0 0 0 0 0 0 1 1 0 0 1 0 0 NA 2 
2 2 1 1 0 0 0 0 0 0 2 2 2 0 0 0 2 2 0 0 0 0 2 2 0 0 2 2 0 1 95 2 
0 0 0 0 1 0 0 0 0 0 2 0 0 0 2 2 2 2 0 0 2 2 1 2 2 2 2 2 2 2 101 2 
2 2 2 1 1 1 0 0 0 0 0 1 1 2 0 1 1 1 1 1 0 1 1 1 0 1 1 1 1 1 NA NA 
0 1 0 0 2 2 2 1 0 0 2 1 0 1 2 2 0 0 0 0 2 1 1 2 1 1 0 1 0 0 NA NA 
2 2 2 2 0 0 0 0 0 0 2 2 2 2 0 0 1 0 1 1 1 0 1 1 0 0 0 1 1 0 NA 2 
2 2 0 0 1 2 0 0 1 1 0 1 0 0 0 1 0 0 0 1 0 1 0 0 1 1 0 1 0 1 NA 2 
2 2 NA 0 2 2 0 0 2 2 1 1 0 0 2 2 1 1 0 0 2 2 1 2 2 2 2 2 2 2 NA NA 
2 2 0 0 2 1 1 2 2 1 2 2 1 0 0 0 1 1 0 0 1 2 1 2 1 1 1 2 2 2 76 NA 
2 2 1 1 1 2 0 1 2 2 1 1 0 0 1 1 2 2 0 0 0 0 1 1 1 1 2 2 1 1 77 2 
2 2 0 0 1 0 0 0 2 2 2 2 0 0 2 1 1 0 0 0 1 1 1 2 2 2 1 2 1 0 82 NA 
2 1 0 0 1 NA 0 0 2 2 2 1 0 0 0 0 0 0 0 0 1 1 2 1 2 2 2 2 1 1 84 2 
2 2 2 2 2 2 0 0 1 1 2 2 1 1 1 2 1 2 1 1 2 2 1 2 0 2 1 2 0 1 88 2 
2 2 2 2 0 1 2 2 0 1 2 1 NA NA 1 1 0 0 0 1 0 2 2 2 2 2 2 2 1 1 88 NA 
1 0 2 2 0 0 0 0 0 1 1 1 2 1 0 0 2 1 1 0 1 1 1 1 0 1 0 2 1 0 89 2 
2 2 0 0 2 1 2 2 1 1 1 1 0 0 1 2 0 0 1 0 2 2 1 1 1 2 2 2 1 2 90 2 
2 2 0 0 2 2 0 1 2 1 2 1 0 0 1 2 1 2 0 0 2 2 2 2 1 2 2 2 2 2 91 NA 
2 2 0 0 1 2 0 0 2 1 1 0 0 0 2 0 0 2 0 0 0 0 0 2 2 0 0 0 2 1 92 2 
2 2 1 0 0 0 1 1 0 0 2 1 1 0 0 0 2 2 0 0 1 0 1 2 1 2 2 2 0 0 93 2 
2 0 0 0 2 1 1 1 2 0 2 0 0 0 0 0 0 0 0 0 2 1 2 1 2 1 2 1 2 1 96 2 
2 2 0 0 1 0 0 0 2 1 2 1 0 0 1 1 2 0 0 0 1 1 1 2 1 0 2 0 1 0 99 2 
2 2 1 0 2 0 1 0 1 2 1 2 0 0 1 2 1 2 0 0 1 0 2 2 1 1 1 2 0 0 100 2 
2 2 2 1 0 1 0 0 0 NA 0 1 2 1 0 0 0 1 0 0 1 2 2 2 1 2 2 2 1 1 100 2 
2 2 0 0 0 0 2 2 0 0 0 1 2 0 0 0 0 0 2 0 0 0 2 0 0 0 2 0 0 0 100 2 
2 2 0 0 1 1 0 0 0 0 1 1 0 0 2 2 1 1 0 0 2 2 2 2 2 2 2 2 1 0 101 2 
2 2 0 2 0 0 0 0 0 0 0 0 0 2 0 0 1 1 0 1 0 0 2 2 1 1 2 2 0 1 101 NA 
2 2 2 1 0 0 0 0 0 0 0 0 2 1 0 0 2 2 1 1 0 0 2 2 0 0 2 1 0 0 106 2 
2 2 0 0 0 0 0 0 1 0 2 1 0 0 2 2 1 0 0 0 2 2 1 2 0 0 2 1 1 1 110 2 
2 2 1 0 0 0 1 0 1 1 2 1 2 1 1 2 0 2 0 1 1 2 1 2 1 1 2 2 1 2 113 2 
2 2 0 0 0 0 0 0 0 1 2 2 0 0 1 0 0 0 0 0 0 1 1 2 2 2 1 2 0 2 113 2 
1 2 0 0 0 0 0 0 1 2 1 1 0 0 2 2 0 1 0 0 2 1 1 2 2 1 2 2 2 2 113 NA 
2 2 2 1 0 0 1 0 1 1 2 2 1 0 1 1 1 1 1 0 2 0 1 2 1 2 2 2 0 0 116 2 
2 1 0 0 0 0 1 1 0 0 1 1 2 1 0 0 0 0 0 0 0 0 1 1 0 0 0 0 0 0 118 2 
2 2 2 2 0 0 0 0 0 0 2 2 0 2 0 0 0 0 0 0 0 2 1 1 1 0 0 1 0 0 118 NA 
2 1 2 2 0 0 0 0 0 0 0 0 2 2 1 1 NA 1 2 2 1 0 2 1 0 0 1 1 0 0 122 2 
2 1 2 2 0 0 0 0 0 0 0 0 2 2 0 0 1 1 2 2 1 1 2 2 0 0 1 1 0 0 124 2 
2 1 0 0 2 2 0 0 1 1 0 0 0 0 0 1 0 1 0 0 2 2 1 2 2 2 1 2 0 1 NA 2 
2 1 2 2 0 0 0 0 0 0 1 1 2 1 1 1 2 2 2 1 1 0 1 1 1 2 1 0 0 0 NA 2 
2 0 0 0 1 0 0 0 2 2 1 0 0 0 2 2 2 1 0 0 2 2 2 2 1 2 2 2 2 2 NA 2 
2 0 0 0 0 1 0 0 0 0 1 0 0 0 2 1 2 2 0 0 1 1 0 0 2 1 2 2 0 1 79 2 
1 1 0 0 0 0 0 0 NA 1 0 0 0 0 0 0 2 1 0 0 0 0 2 2 2 2 2 2 1 1 84 2 
2 1 1 0 0 0 0 0 1 1 0 0 1 0 1 2 1 1 2 1 1 0 1 2 2 2 2 2 2 1 85 2 
2 1 0 0 0 0 2 2 0 1 NA 0 1 1 0 0 1 0 0 0 0 2 1 2 0 1 0 1 0 1 86 2 
2 1 1 1 0 0 0 0 0 0 1 0 2 1 0 0 1 1 2 2 0 0 0 0 1 0 1 1 0 1 93 2 
1 1 0 0 2 2 2 2 2 1 1 1 0 0 2 2 0 0 0 0 2 1 2 1 1 0 2 2 1 1 99 2 
2 1 2 1 0 0 0 0 0 0 0 0 2 2 0 1 1 0 1 1 0 0 1 2 0 0 1 1 0 0 111 2 
2 1 2 2 1 1 0 0 2 2 2 2 0 0 1 2 2 2 0 0 2 2 2 2 1 2 2 2 0 1 NA 2 
0 0 0 0 2 2 0 0 2 0 0 1 0 0 0 1 0 1 0 0 2 2 2 2 1 2 2 2 0 0 106 2 
2 2 0 0 0 0 NA NA 1 1 NA NA 2 NA 1 2 0 1 0 0 NA NA 1 NA 1 1 1 2 0 0 NA 2 
2 0 1 1 1 0 0 0 1 NA 0 0 1 1 1 0 2 1 0 0 2 1 2 1 0 1 1 1 1 0 NA 2 
2 2 0 0 1 0 1 1 1 1 1 2 0 0 0 1 1 1 0 0 1 1 1 2 1 2 1 2 1 0 NA 2 
2 2 0 0 2 1 2 0 1 2 2 2 0 0 0 0 1 2 0 0 0 2 1 2 2 2 2 2 1 1 79 2 
1 1 0 0 2 NA 1 1 1 0 NA NA 0 0 2 2 1 1 0 0 1 1 NA 1 0 0 1 2 0 0 98 2 
1 0 0 0 1 0 0 0 NA 2 NA NA 0 0 2 2 2 2 0 0 2 2 2 2 2 2 2 2 2 2 100 2 
1 1 0 0 1 1 0 0 2 2 0 0 0 0 2 2 2 1 0 0 2 2 2 1 2 2 2 2 0 0 100 2 
2 2 0 0 2 2 0 2 2 2 1 2 0 0 0 1 0 0 0 1 1 2 1 1 0 2 2 2 2 2 107 2 
1 2 0 0 2 NA NA 0 2 2 2 2 0 0 0 0 1 2 0 0 2 2 1 2 1 2 2 2 1 0 110 2 
2 2 0 0 2 1 0 0 2 2 2 2 0 0 0 0 0 NA 0 1 0 0 2 1 1 2 1 1 2 2 112 2 
2 2 0 0 2 2 1 2 2 2 1 NA 0 0 0 1 2 2 0 0 1 2 1 2 0 2 1 2 0 0 NA 2 
2 2 0 0 2 2 1 1 1 2 1 2 0 0 2 2 2 2 0 0 2 2 1 2 0 1 0 2 0 2 NA 2 
2 2 1 1 0 0 2 1 0 0 2 2 2 2 0 0 1 1 1 1 0 0 0 1 0 0 1 1 0 0 87 2 
2 2 0 0 2 0 2 2 0 2 2 2 1 1 0 0 0 1 0 0 0 2 1 2 0 1 1 2 0 2 97 NA 
2 1 0 0 NA 0 0 0 1 0 1 1 0 0 0 0 2 2 0 0 0 0 0 2 2 2 1 2 0 0 100 2 
2 2 2 2 0 1 0 1 0 0 0 1 1 2 0 1 2 2 1 0 0 1 1 2 0 0 2 2 0 0 102 2 
2 2 1 1 0 0 0 0 1 2 2 2 2 1 1 1 2 2 0 0 0 0 2 2 0 0 2 2 0 1 108 2 
1 0 0 0 0 0 1 1 2 2 0 0 1 2 0 0 0 0 0 0 0 0 1 1 0 0 2 2 0 0 126 2 
2 2 0 0 2 2 2 0 0 0 2 0 0 0 1 2 2 2 0 0 2 2 2 1 0 0 2 2 1 0 NA 2 
2 2 1 1 1 1 0 0 0 0 1 0 1 0 0 2 1 2 0 0 1 1 2 2 2 2 2 2 0 1 83 2 
0 0 1 0 0 0 2 1 1 1 0 0 1 1 0 1 1 0 0 0 0 1 2 1 1 1 2 2 0 2 100 2 
2 1 0 0 0 0 0 0 0 1 1 1 0 0 0 0 0 0 0 0 0 0 1 2 2 2 1 2 0 0 100 NA 
2 2 1 1 0 0 1 1 0 0 0 0 1 1 0 0 0 0 0 0 0 0 1 1 0 0 2 2 0 0 104 2 
1 1 0 0 1 1 0 0 1 1 0 0 0 0 2 2 1 1 0 0 2 1 1 1 1 2 2 2 0 1 124 2 
2 2 NA 0 0 0 0 0 1 1 2 2 NA 0 0 1 0 0 0 0 2 2 1 NA 2 2 NA 2 NA 2 NA 2 
2 2 1 1 0 0 0 0 0 0 0 1 1 0 0 0 0 0 0 0 0 1 0 NA 0 2 1 2 0 2 NA 2 
1 2 0 0 0 0 0 0 1 1 1 2 0 0 0 0 2 2 0 0 0 1 2 2 1 2 2 2 0 1 NA 2 
0 0 0 0 0 0 0 0 1 0 0 0 0 0 1 2 2 2 0 0 2 2 1 1 1 2 2 1 1 1 NA 2 
2 2 0 0 0 0 0 0 1 0 2 2 0 0 0 1 2 2 0 0 1 2 2 2 0 1 2 2 0 0 NA 2 
2 1 0 0 0 0 NA NA 0 0 1 0 0 0 0 0 1 2 0 0 0 1 2 2 0 1 2 2 0 0 NA 2 
2 1 1 0 0 0 0 0 0 0 0 0 2 0 0 0 1 2 1 0 0 0 2 2 0 0 2 1 0 0 NA 2 
2 1 0 0 0 0 0 0 0 0 2 2 0 0 0 0 0 0 0 0 0 0 1 2 2 2 2 2 0 0 76 NA 
2 2 0 0 0 0 0 0 0 1 2 2 0 0 0 0 0 0 0 0 1 2 1 1 1 2 0 2 0 1 78 2 
2 NA 0 0 0 0 0 0 0 1 2 2 0 0 NA NA 1 2 0 0 NA 2 2 NA NA 0 2 2 0 0 81 NA 
2 2 0 0 0 NA 0 0 0 0 1 1 0 0 1 1 2 2 0 0 1 1 1 2 1 1 2 2 1 2 82 2 
2 2 0 0 0 0 0 0 0 0 1 1 0 0 0 0 1 1 0 0 0 0 2 2 1 1 2 2 0 0 85 NA 
1 2 0 0 0 0 0 0 2 1 2 1 0 0 1 1 0 1 0 0 1 0 0 NA 2 2 2 2 2 2 89 NA 
2 2 1 1 0 0 2 2 0 0 0 0 0 0 0 2 1 1 0 0 0 0 1 2 0 2 2 2 0 0 91 NA 
2 2 0 0 0 0 0 0 0 0 1 2 0 0 0 0 0 1 0 0 2 2 1 1 1 2 2 2 1 2 94 NA 
0 0 0 0 0 0 0 0 0 0 0 0 0 0 0 0 2 2 0 0 1 2 2 2 2 2 2 2 0 0 103 2 
2 2 2 2 0 0 0 0 0 0 1 1 1 1 0 0 0 0 0 0 0 0 1 2 0 0 0 1 0 0 104 NA 
2 0 0 0 1 0 0 0 0 0 1 0 0 0 0 1 0 1 0 0 2 2 0 0 2 2 2 2 2 1 108 2 
0 0 0 0 0 0 0 0 2 2 1 NA 2 2 0 1 1 0 0 0 2 2 1 2 0 1 2 2 1 0 112 2 
2 2 0 0 0 1 0 0 1 2 2 1 0 0 1 1 0 0 0 0 2 2 0 2 1 2 1 2 0 0 NA 2 
2 1 0 0 0 0 0 0 2 2 2 2 0 0 1 0 1 1 0 0 0 0 1 2 1 2 2 1 0 0 88 2 
2 2 0 0 1 1 0 0 2 2 2 2 0 0 1 0 1 1 0 0 0 0 2 2 0 1 2 2 1 0 88 2 
2 2 NA NA NA NA NA NA NA NA NA NA NA NA NA NA NA NA NA NA NA NA NA NA NA NA NA NA NA NA 90 NA 
2 NA NA NA 0 NA 2 1 NA 1 1 1 2 NA NA 2 0 0 0 0 NA 2 2 2 0 1 0 2 0 0 91 2 
2 2 0 0 1 1 NA 1 2 NA 2 2 0 0 2 1 2 2 0 0 2 2 1 2 1 2 2 2 1 2 94 2 
NA NA 0 0 2 1 0 0 2 2 2 1 0 0 1 NA NA NA 0 0 2 NA 1 NA 1 2 2 2 2 1 95 2 
2 2 0 0 0 0 0 0 1 2 2 2 0 0 0 0 2 2 0 0 1 2 1 2 2 1 1 1 0 0 96 2 
2 2 0 0 2 2 0 0 0 0 0 0 0 0 0 1 2 1 0 0 NA NA 1 2 1 2 2 2 0 0 116 2 
1 1 NA NA 0 0 0 0 2 2 2 2 NA NA 1 2 2 2 NA NA 2 2 1 2 1 1 2 2 1 1 79 2 
0 0 0 0 0 0 0 0 0 NA 2 2 0 0 2 2 2 2 0 0 2 2 2 2 2 2 2 2 2 2 85 NA 
1 1 0 0 1 0 0 0 2 1 1 1 0 0 2 2 0 0 0 0 2 2 2 2 2 2 2 2 2 2 87 2 
2 2 0 0 1 0 0 1 1 0 1 0 0 0 2 2 1 1 0 0 2 2 1 2 2 2 2 2 2 2 88 2 
2 2 0 0 1 0 0 1 2 2 2 2 0 1 1 0 0 0 0 0 0 0 1 2 2 2 1 1 1 0 90 NA 
1 1 0 0 0 0 0 0 2 1 1 0 0 0 0 0 2 1 0 0 0 0 2 2 2 2 2 2 2 2 100 2 
2 2 0 0 0 0 0 0 1 1 1 0 0 0 0 0 1 1 0 0 2 1 2 2 2 2 2 2 2 2 105 2 
0 0 0 0 0 0 0 0 0 0 0 0 0 0 1 0 2 2 0 0 2 1 1 1 0 1 2 2 2 2 106 2 
0 0 0 0 0 0 0 0 2 1 2 1 0 0 2 0 2 1 0 0 2 1 2 2 0 0 2 1 2 2 111 2 
1 2 0 0 0 1 0 1 2 2 2 2 0 0 1 1 0 0 0 0 2 2 2 2 2 2 2 2 2 2 113 2 
2 0 2 2 0 0 0 0 0 0 0 0 2 2 1 2 0 1 0 0 0 0 2 2 0 0 2 2 0 1 NA 2 
2 2 0 0 1 1 0 0 2 1 2 1 0 0 1 1 1 1 0 0 2 2 2 1 0 1 NA NA 1 1 NA 2 
2 2 2 1 0 0 0 0 2 2 0 0 2 1 0 0 0 1 0 0 0 0 1 1 0 1 1 1 0 2 NA 2 
2 1 1 0 0 0 2 1 1 1 2 2 1 1 1 2 1 2 0 0 1 2 1 2 1 2 1 2 1 2 NA 2 
2 2 NA NA 2 2 NA NA 2 2 0 0 NA NA 2 2 1 0 NA NA 2 2 1 1 1 2 1 1 0 0 NA 2 
2 2 2 2 NA NA 0 0 0 0 2 2 2 2 0 0 0 0 2 2 1 1 2 2 2 2 0 0 0 0 NA 2 
2 2 1 1 2 2 0 0 2 2 1 2 0 0 2 2 0 1 0 0 2 2 1 2 1 2 1 2 0 1 NA 2 
1 NA 0 0 1 0 0 0 2 1 1 0 0 1 2 1 0 0 0 0 2 2 1 1 2 2 1 1 0 1 87 2 
2 2 0 0 2 2 0 0 2 2 2 2 0 0 1 2 0 0 0 0 1 1 1 2 1 2 2 2 1 2 94 2 
2 2 2 2 0 0 0 0 0 0 0 0 2 2 0 0 2 2 2 2 0 0 1 2 0 0 1 1 0 0 103 2 
2 2 0 0 1 1 0 1 2 2 2 1 0 0 2 2 1 1 0 0 2 2 2 2 0 1 1 2 0 0 116 2 
2 2 1 0 1 0 0 0 1 0 2 1 0 1 1 1 0 0 0 1 1 2 1 2 1 2 2 2 0 1 NA 2 
2 2 0 0 0 0 0 0 2 2 0 1 0 0 2 2 2 2 0 0 2 2 2 2 0 1 2 2 1 2 NA 2 
2 2 0 0 2 0 0 0 2 2 2 0 0 0 2 2 2 1 0 0 2 2 1 1 2 1 2 2 0 0 81 2 
2 2 0 0 0 0 0 0 1 0 2 2 0 0 1 2 0 0 0 0 1 2 1 2 1 1 1 1 1 0 83 2 
2 2 0 2 2 2 0 2 2 2 2 2 0 2 1 1 1 2 0 2 1 2 1 1 2 2 1 2 NA NA 87 2 
1 1 2 2 0 0 NA NA 2 2 0 0 1 2 1 0 2 2 1 1 2 2 2 2 0 0 2 2 0 0 88 2 
2 2 0 0 NA 0 1 1 1 0 2 1 0 1 0 0 1 1 0 0 1 1 1 1 1 1 2 2 0 1 94 2 
2 2 0 0 1 1 0 0 2 1 2 2 0 0 1 2 2 2 0 0 2 2 2 2 1 2 2 2 0 0 98 NA 
2 2 2 2 0 0 2 2 0 1 2 2 0 0 0 0 2 2 0 0 0 0 2 2 0 0 2 2 0 0 99 2 
1 1 0 0 1 0 0 0 0 0 2 1 0 0 0 2 0 0 0 0 2 1 0 1 2 1 1 2 1 2 99 2 
1 1 1 0 0 0 0 0 0 0 2 NA 2 2 NA NA 1 1 NA NA 0 NA NA NA 0 1 2 NA NA NA 114 2 
2 0 0 0 2 1 0 0 2 2 0 0 0 0 2 1 1 1 0 0 2 2 2 2 0 0 1 2 0 2 114 2 
2 2 2 2 0 0 0 0 0 1 0 0 0 0 0 2 2 2 0 0 0 2 2 2 2 2 1 1 0 1 126 NA 
2 2 0 0 0 0 0 0 0 1 2 1 0 0 0 1 0 2 0 0 0 1 2 2 1 2 1 2 1 1 NA 2 
1 0 0 0 0 0 2 2 0 NA 0 0 0 0 NA NA 2 1 0 0 0 1 2 2 0 2 2 2 0 2 74 NA 
2 1 0 0 2 1 0 1 0 1 1 0 0 0 1 0 1 1 0 0 1 1 0 0 2 2 2 2 1 2 79 NA 
0 0 0 0 0 0 0 0 1 0 0 0 NA NA 0 NA 1 0 0 0 2 0 0 0 2 1 1 1 2 2 81 2 
2 2 0 0 1 2 1 1 2 2 2 2 0 0 1 2 0 0 0 0 1 2 1 2 2 2 0 1 0 2 82 NA 
2 2 1 0 0 0 0 1 1 2 2 2 0 1 1 2 1 2 0 0 1 0 2 1 0 1 2 2 0 1 82 NA 
2 1 0 0 0 0 0 0 2 1 2 2 0 0 0 0 1 1 0 0 1 2 1 2 2 2 2 2 2 1 83 NA 
2 2 0 0 1 2 0 0 2 2 2 1 0 0 1 2 1 2 0 0 2 2 1 2 1 2 2 2 1 1 92 2 
2 2 2 2 0 0 1 1 0 0 0 1 1 2 0 0 0 1 2 2 0 1 1 2 0 0 1 2 0 0 93 2 
2 2 0 0 1 1 2 2 1 2 1 2 0 0 0 1 1 1 0 0 0 1 1 1 0 1 0 1 0 1 95 NA 
2 2 0 0 2 0 0 0 0 2 2 1 0 0 0 0 0 1 0 0 1 1 1 2 2 2 1 2 2 2 95 NA 
2 2 0 0 0 1 1 1 2 2 0 1 1 1 2 2 2 1 0 0 1 2 2 2 2 2 2 2 0 2 98 NA 
2 0 0 0 2 0 NA 0 1 0 0 1 0 0 0 0 0 0 0 0 0 0 1 2 1 1 0 2 1 2 99 2 
1 2 0 0 1 0 0 0 2 1 2 0 0 0 0 1 0 1 0 0 1 1 1 2 0 2 2 2 2 2 100 2 
2 2 1 1 1 0 0 0 NA 1 2 0 NA NA NA 1 2 2 NA 1 1 0 1 2 0 1 2 2 1 2 103 2 
0 1 0 0 2 0 0 0 0 1 0 2 0 0 0 0 0 0 0 0 2 2 0 2 2 2 2 2 0 2 105 2 
2 2 0 1 0 0 2 2 0 0 0 0 1 0 0 1 1 1 0 1 0 0 1 0 1 2 1 2 0 1 106 NA 
2 2 0 0 1 0 0 0 0 0 2 2 0 0 1 2 0 0 0 0 0 1 2 1 1 2 2 2 1 0 107 2 
1 2 2 2 0 0 0 0 0 0 1 2 2 2 0 1 0 0 0 1 0 0 0 0 0 0 0 0 0 0 114 2 
1 1 0 0 1 1 0 0 0 1 0 0 0 1 0 0 0 0 0 0 0 0 1 2 0 0 1 1 0 0 116 2 
2 2 1 1 0 1 2 2 0 0 1 0 2 1 0 1 2 2 1 1 0 0 1 2 2 2 2 2 0 1 118 NA 
1 2 0 0 1 1 0 0 1 1 0 0 0 0 1 0 2 1 2 1 0 0 2 1 1 2 2 1 0 1 NA 2 
2 2 0 0 0 0 0 0 0 1 1 0 0 0 0 1 0 1 0 0 1 2 1 2 2 2 1 2 0 2 81 2 
1 2 0 0 1 1 0 0 0 0 0 2 0 0 1 1 2 2 0 0 1 1 2 2 2 2 2 2 1 1 86 2 
2 2 0 0 1 0 0 0 0 0 0 0 0 0 0 0 1 1 0 0 1 1 0 1 2 1 2 2 0 1 87 2 
0 2 0 0 0 NA 0 0 1 NA 0 0 1 NA 1 NA 0 1 0 0 2 NA 2 2 1 2 2 1 1 2 89 2 
2 0 0 0 2 0 0 0 2 1 2 1 0 0 2 0 1 1 0 0 1 0 2 2 1 2 2 2 1 2 112 2 
2 2 0 0 2 2 2 2 1 1 2 2 0 0 1 1 0 0 0 0 1 1 2 2 1 2 0 1 0 1 NA 2 
2 2 1 1 2 1 0 0 2 2 2 2 1 0 0 0 2 2 1 0 2 2 2 2 0 2 2 2 2 2 75 2 
2 2 0 0 2 2 1 0 2 2 2 2 0 0 1 2 2 2 0 0 1 1 2 2 1 2 2 2 1 1 108 2 
2 2 0 0 1 1 0 0 1 1 1 1 0 0 0 0 2 2 0 0 2 2 2 2 1 2 2 2 0 0 103 NA 
2 1 0 0 1 1 1 2 0 0 0 0 0 0 2 2 2 1 0 0 1 2 1 1 0 1 1 1 1 1 80 2 
2 2 0 0 2 0 1 1 1 1 2 1 0 0 0 0 0 0 0 0 1 0 1 2 2 2 1 2 0 2 82 2 
2 2 0 0 1 0 0 0 2 2 1 1 0 0 NA 1 1 1 0 0 0 NA 1 2 1 2 0 2 0 0 88 NA 
2 2 0 0 2 1 0 0 2 0 2 0 0 0 0 0 0 0 0 0 2 1 1 1 0 0 1 0 0 0 NA 2 
2 2 0 1 2 1 0 0 0 0 1 0 0 0 0 0 0 0 0 0 0 2 1 1 2 2 1 1 1 2 NA 2 
0 0 0 0 0 0 0 0 0 1 0 0 0 0 0 0 1 1 0 0 0 2 2 2 2 2 2 2 1 2 NA 2 
2 2 2 2 1 1 0 0 0 0 1 1 0 1 0 0 2 2 2 2 0 0 1 1 1 2 2 2 0 1 NA 2 
2 2 1 0 0 0 0 0 1 1 2 2 NA NA 0 1 0 0 NA 0 0 2 1 1 2 2 2 2 0 1 73 2 
2 1 0 0 2 1 0 0 2 1 1 1 0 0 0 1 2 2 0 0 2 2 1 2 1 2 2 2 1 1 77 2 
2 2 0 0 0 0 0 0 0 0 1 0 0 0 0 0 2 2 0 0 0 0 2 2 1 1 1 1 0 0 77 2 
2 0 0 0 1 0 0 0 1 1 1 0 0 0 0 1 1 1 0 0 0 NA 0 1 1 1 1 1 0 1 79 2 
2 1 2 1 1 1 0 0 0 0 2 NA 2 2 0 0 2 2 1 2 0 1 1 2 0 2 2 2 0 0 79 2 
2 2 1 1 0 0 0 0 0 0 1 0 2 1 0 1 1 2 1 1 1 2 2 1 2 2 1 2 1 1 87 NA 
2 0 0 0 1 0 0 0 0 0 1 0 0 0 1 2 2 2 0 0 1 0 1 2 1 1 2 2 1 1 87 NA 
2 2 0 0 2 2 1 2 1 1 1 1 0 0 0 0 0 0 0 0 0 1 1 2 2 2 2 2 0 0 88 2 
2 2 0 0 1 1 0 0 2 2 2 1 0 0 0 0 1 1 0 0 1 1 1 1 1 1 1 1 0 1 88 2 
0 1 0 0 1 0 0 0 1 0 1 NA NA 0 0 0 NA 1 0 0 2 2 0 0 2 2 2 2 1 1 91 2 
2 2 0 0 0 0 0 0 2 2 2 2 0 0 1 1 0 0 0 0 0 1 0 0 1 2 0 1 0 0 94 2 
2 NA 0 0 0 1 2 1 2 2 1 2 0 0 0 1 0 0 0 0 0 0 2 1 1 1 2 1 0 1 95 2 
1 NA 0 0 0 0 0 0 1 NA 0 0 0 0 2 1 1 1 0 0 1 1 1 1 2 2 2 2 0 1 96 2 
1 2 0 0 2 1 0 0 2 1 0 0 0 0 1 0 1 2 0 0 1 1 1 2 1 2 2 2 1 2 102 2 
2 2 0 0 0 0 0 0 0 0 1 0 0 0 0 0 0 0 0 0 0 0 1 1 2 2 2 2 0 NA 109 2 
2 1 0 0 0 0 0 0 1 1 2 2 0 0 0 1 1 1 0 0 0 1 1 2 1 2 2 2 0 1 111 2 
1 0 2 2 0 0 0 1 0 0 0 0 1 0 0 0 1 1 1 0 0 1 2 1 0 0 1 1 0 0 98 NA 
1 1 0 0 0 0 1 1 1 2 1 0 0 0 0 1 1 1 0 0 0 1 1 2 1 1 0 2 0 1 99 NA 
1 2 0 2 0 0 2 1 0 NA 0 0 1 2 0 0 1 1 2 1 0 0 2 2 0 0 2 0 0 0 100 2 
1 1 0 0 0 0 0 0 0 0 2 1 0 0 0 0 1 1 0 0 2 1 1 2 0 0 2 1 1 0 110 NA 
0 1 0 0 1 NA 0 0 1 1 0 0 0 0 0 0 0 0 0 0 0 1 1 1 2 1 1 1 1 2 122 2 
2 2 0 0 0 0 2 1 0 2 2 2 2 0 0 1 0 0 0 1 0 0 1 1 0 1 0 2 0 0 NA 2 
2 2 2 2 0 0 0 0 0 1 0 1 2 2 0 0 1 2 1 2 0 1 1 2 0 1 0 2 0 1 NA 2 
2 2 2 2 0 1 2 2 2 2 2 2 2 NA 0 1 2 2 0 1 0 0 2 2 2 2 2 2 0 1 NA 2 
2 NA 0 0 1 0 0 NA NA NA NA 0 0 0 0 0 0 0 0 0 0 1 NA 2 2 2 NA NA 0 0 77 2 
2 NA 1 1 0 0 0 0 0 0 0 0 1 NA 0 1 0 1 0 0 NA NA 2 2 0 1 2 2 0 0 78 2 
2 2 0 0 2 1 0 0 1 2 2 2 1 1 0 2 0 0 0 0 0 2 0 2 1 2 0 2 0 1 89 2 
2 2 2 2 0 0 2 2 0 0 0 0 2 1 0 1 1 2 1 1 0 0 2 2 0 1 1 1 0 0 89 NA 
2 2 1 0 0 0 0 0 1 1 2 2 1 0 0 0 0 1 0 0 0 0 0 0 0 0 0 0 0 0 108 2 
1 0 0 0 0 0 2 2 0 0 1 1 1 1 0 0 0 0 2 0 0 0 0 1 0 0 0 0 0 0 99 2 
1 0 1 1 0 0 2 1 1 1 1 0 2 2 0 0 0 0 0 0 0 0 1 1 0 1 1 1 0 0 100 2 
2 2 0 1 2 2 0 1 2 2 2 2 0 0 0 2 0 0 0 0 2 2 2 2 1 2 1 2 1 2 104 2 
2 1 0 0 0 0 0 0 NA 1 0 0 0 1 0 1 1 2 0 0 0 1 2 1 2 2 2 2 0 1 NA 2 
0 0 1 1 0 0 0 0 0 0 0 0 2 1 0 0 2 2 1 0 0 1 1 0 0 2 2 1 0 2 NA 2 
2 2 2 2 0 0 0 0 0 1 0 0 2 0 0 0 0 0 0 0 0 0 0 0 NA NA NA NA NA NA NA 2 
1 1 2 2 0 0 1 1 0 0 0 0 2 2 0 0 0 0 2 2 0 0 2 1 0 0 0 0 0 0 NA 2 
2 2 0 0 2 1 0 0 2 0 0 0 0 0 0 0 0 0 0 0 1 0 0 1 1 2 2 2 0 0 NA 2 
2 2 2 2 0 0 0 0 0 0 NA 1 2 2 0 1 1 2 0 2 0 1 1 2 0 2 1 2 0 0 70 2 
1 1 0 0 0 0 0 0 2 1 0 1 0 0 1 1 0 1 0 0 2 2 1 1 2 2 2 2 0 1 105 2 
NA 1 0 0 1 1 NA 1 NA NA NA 1 0 0 NA 0 2 1 0 0 NA 0 1 1 1 2 2 2 0 0 107 2 
2 2 1 1 0 0 0 0 0 0 0 0 2 1 0 0 0 0 0 0 0 0 1 0 0 0 NA 1 0 0 108 2 
2 2 0 0 0 0 0 0 0 0 1 1 0 0 0 0 2 2 0 0 0 1 2 1 2 2 1 2 0 0 84 2 
2 2 0 0 0 0 0 0 0 1 1 1 1 0 1 2 1 1 0 1 0 2 2 1 2 2 1 2 0 1 84 2 
NA 2 0 0 1 0 0 0 0 0 1 0 0 0 2 2 0 0 0 0 1 2 1 2 1 1 2 2 2 2 84 2 
2 2 0 0 0 0 0 0 0 0 2 2 0 0 1 1 0 0 0 0 0 1 1 NA 1 0 0 0 0 0 85 2 
1 1 0 0 0 0 0 0 0 0 1 1 0 0 0 0 1 0 0 0 1 2 1 1 1 1 2 2 0 1 89 2 
2 1 0 0 1 0 0 0 1 0 2 0 0 0 0 0 0 0 0 0 2 1 1 0 2 2 2 2 2 1 108 2 
1 2 0 0 1 0 0 0 1 0 2 0 0 0 1 1 1 1 0 0 2 1 1 1 2 1 2 1 2 1 118 2 
